0 0.0390625 0.4027777777777778 0.005208333333333333 0.011111111111111112
0 0.12239583333333333 0.4 0.005208333333333333 0.011111111111111112
0 0.14401041666666667 0.39537037037037037 0.0067708333333333336 0.018518518518518517
0 0.4236979166666667 0.37083333333333335 0.005729166666666666 0.015740740740740743
0 0.45416666666666666 0.3699074074074074 0.005208333333333333 0.015740740740740743
0 0.48125 0.3689814814814815 0.004166666666666667 0.010185185185185186
0 0.48854166666666665 0.3689814814814815 0.004166666666666667 0.010185185185185186
0 0.5317708333333333 0.36435185185185187 0.00625 0.01388888888888889
0 0.5614583333333333 0.3601851851851852 0.00625 0.016666666666666666
0 0.5828125 0.3611111111111111 0.005208333333333333 0.011111111111111112
0 0.6 0.35833333333333334 0.005208333333333333 0.011111111111111112
0 0.7145833333333333 0.350462962962963 0.004166666666666667 0.008333333333333333
0 0.7299479166666667 0.34953703703703703 0.0036458333333333334 0.004629629629629629
0 0.73671875 0.3476851851851852 0.0036458333333333334 0.008333333333333333
0 0.7442708333333333 0.35000000000000003 0.00625 0.005555555555555556
0 0.753125 0.3453703703703704 0.003125 0.007407407407407408
0 0.7682291666666666 0.34490740740740744 0.003125 0.008333333333333333
0 0.7846354166666667 0.3462962962962963 0.0036458333333333334 0.005555555555555556
