0 0.04088541666666667 0.4 0.0046875 0.012962962962962964
0 0.12265625 0.39675925925925926 0.0046875 0.01388888888888889
0 0.14479166666666665 0.39305555555555555 0.00625 0.019444444444444445
0 0.4231770833333333 0.3712962962962963 0.005729166666666666 0.016666666666666666
0 0.4544270833333333 0.3703703703703704 0.005729166666666666 0.016666666666666666
0 0.48151041666666666 0.37083333333333335 0.0036458333333333334 0.010185185185185186
0 0.4890625 0.3689814814814815 0.004166666666666667 0.012037037037037037
0 0.53203125 0.3648148148148148 0.0067708333333333336 0.018518518518518517
0 0.5622395833333333 0.3615740740740741 0.0067708333333333336 0.017592592592592594
0 0.5833333333333334 0.3615740740740741 0.005208333333333333 0.012037037037037037
0 0.6005208333333333 0.35879629629629634 0.005208333333333333 0.015740740740740743
0 0.7145833333333333 0.3509259259259259 0.004166666666666667 0.009259259259259259
0 0.7309895833333333 0.3509259259259259 0.0036458333333333334 0.005555555555555556
0 0.7369791666666666 0.34861111111111115 0.004166666666666667 0.008333333333333333
0 0.7447916666666666 0.3509259259259259 0.007291666666666667 0.007407407407407408
0 0.7533854166666667 0.3472222222222222 0.0046875 0.009259259259259259
0 0.7690104166666667 0.34675925925925927 0.0036458333333333334 0.008333333333333333
0 0.7854166666666667 0.3472222222222222 0.004166666666666667 0.007407407407407408
