0 0.04973958333333333 0.5305555555555556 0.0046875 0.012962962962962964
0 0.13020833333333334 0.525462962962963 0.00625 0.015740740740740743
0 0.15494791666666666 0.5199074074074074 0.0078125 0.019444444444444445
0 0.43046875 0.4898148148148148 0.0067708333333333336 0.018518518518518517
0 0.46015625 0.48842592592592593 0.005729166666666666 0.01388888888888889
0 0.48828125 0.4842592592592593 0.0046875 0.014814814814814815
0 0.49557291666666664 0.48379629629629634 0.0046875 0.01388888888888889
0 0.5369791666666667 0.4800925925925926 0.00625 0.015740740740740743
0 0.5684895833333333 0.47500000000000003 0.008854166666666666 0.020370370370370372
0 0.5890625 0.47361111111111115 0.00625 0.017592592592592594
0 0.60625 0.4726851851851852 0.005208333333333333 0.015740740740740743
0 0.7208333333333333 0.46111111111111114 0.004166666666666667 0.011111111111111112
0 0.7359375 0.45972222222222225 0.004166666666666667 0.010185185185185186
0 0.7424479166666667 0.45925925925925926 0.0036458333333333334 0.009259259259259259
0 0.7515625 0.46111111111111114 0.007291666666666667 0.009259259259259259
0 0.7591145833333334 0.4564814814814815 0.0046875 0.009259259259259259
0 0.77421875 0.4564814814814815 0.0046875 0.011111111111111112
0 0.79140625 0.45740740740740743 0.0046875 0.007407407407407408
0 0.403125 0.49953703703703706 0.00625 0.008333333333333333
0 0.6518229166666667 0.4726851851851852 0.0036458333333333334 0.006481481481481482
