0 0.18880208333333334 0.4087962962962963 0.0067708333333333336 0.017592592592592594
0 0.15989583333333332 0.40370370370370373 0.0020833333333333333 0.003703703703703704
0 0.20677083333333332 0.4064814814814815 0.007291666666666667 0.014814814814814815
0 0.26901041666666664 0.4115740740740741 0.008854166666666666 0.015740740740740743
0 0.32109375 0.40925925925925927 0.013020833333333334 0.020370370370370372
0 0.56640625 0.4134259259259259 0.0078125 0.019444444444444445
0 0.5979166666666667 0.4185185185185185 0.009375 0.016666666666666666
0 0.63125 0.4189814814814815 0.00625 0.010185185185185186
0 0.6372395833333333 0.41944444444444445 0.005729166666666666 0.011111111111111112
0 0.6674479166666667 0.41712962962962963 0.008854166666666666 0.017592592592592594
0 0.7119791666666666 0.4175925925925926 0.00625 0.016666666666666666
0 0.7354166666666666 0.4217592592592593 0.00625 0.012037037037037037
0 0.7213541666666666 0.4203703703703704 0.005208333333333333 0.009259259259259259
0 0.76015625 0.4222222222222222 0.0046875 0.011111111111111112
0 0.95078125 0.425 0.0067708333333333336 0.011111111111111112
0 0.9283854166666666 0.4240740740740741 0.0046875 0.011111111111111112
0 0.9239583333333333 0.42638888888888893 0.004166666666666667 0.008333333333333333
0 0.9174479166666667 0.42638888888888893 0.0046875 0.006481481481481482
0 0.90625 0.42592592592592593 0.004166666666666667 0.009259259259259259
0 0.8973958333333333 0.4240740740740741 0.00625 0.011111111111111112
0 0.8799479166666666 0.4240740740740741 0.0046875 0.009259259259259259
