0 0.1921875 0.42314814814814816 0.008333333333333333 0.014814814814814815
0 0.20963541666666666 0.4199074074074074 0.0067708333333333336 0.015740740740740743
0 0.16354166666666667 0.4189814814814815 0.004166666666666667 0.006481481481481482
0 0.27109375 0.4226851851851852 0.0067708333333333336 0.015740740740740743
0 0.32369791666666664 0.42129629629629634 0.008854166666666666 0.022222222222222223
0 0.5677083333333334 0.4217592592592593 0.008333333333333333 0.017592592592592594
0 0.59765625 0.425 0.008854166666666666 0.018518518518518517
0 0.63359375 0.42592592592592593 0.005729166666666666 0.012962962962962964
0 0.6390625 0.42685185185185187 0.004166666666666667 0.011111111111111112
0 0.67109375 0.42314814814814816 0.0067708333333333336 0.018518518518518517
0 0.7140625 0.425 0.008333333333333333 0.016666666666666666
0 0.72421875 0.425462962962963 0.008854166666666666 0.015740740740740743
0 0.7380208333333333 0.425462962962963 0.008333333333333333 0.01388888888888889
0 0.7627604166666666 0.4277777777777778 0.0067708333333333336 0.011111111111111112
0 0.9523437499999999 0.4273148148148148 0.0067708333333333336 0.008333333333333333
0 0.9317708333333333 0.4273148148148148 0.00625 0.012037037037037037
0 0.9255208333333333 0.4291666666666667 0.004166666666666667 0.006481481481481482
0 0.9210937499999999 0.42824074074074076 0.0046875 0.010185185185185186
0 0.9098958333333333 0.42824074074074076 0.005208333333333333 0.008333333333333333
0 0.90078125 0.42592592592592593 0.0078125 0.012962962962962964
0 0.8833333333333333 0.42638888888888893 0.009375 0.012037037037037037
