0 0.19401041666666666 0.4351851851851852 0.005729166666666666 0.014814814814814815
0 0.16614583333333333 0.42824074074074076 0.005208333333333333 0.004629629629629629
0 0.21197916666666666 0.4291666666666667 0.005208333333333333 0.012037037037037037
0 0.32578125 0.4287037037037037 0.0140625 0.024074074074074074
0 0.2734375 0.4310185185185185 0.015625 0.015740740740740743
0 0.5700520833333333 0.425 0.0078125 0.020370370370370372
0 0.6010416666666667 0.42592592592592593 0.008333333333333333 0.024074074074074074
0 0.6359375 0.4277777777777778 0.00625 0.011111111111111112
0 0.64296875 0.4277777777777778 0.005729166666666666 0.018518518518518517
0 0.67421875 0.42592592592592593 0.0078125 0.016666666666666666
0 0.7216145833333333 0.42638888888888893 0.0171875 0.017592592592592594
0 0.74140625 0.42685185185185187 0.008854166666666666 0.011111111111111112
0 0.7645833333333333 0.42685185185185187 0.005208333333333333 0.007407407407407408
0 0.8872395833333333 0.42592592592592593 0.0046875 0.009259259259259259
0 0.90390625 0.425 0.005729166666666666 0.012962962962962964
0 0.9127604166666666 0.4273148148148148 0.005729166666666666 0.012037037037037037
0 0.9567708333333333 0.425 0.005208333333333333 0.009259259259259259
0 0.934375 0.42453703703703705 0.005208333333333333 0.010185185185185186
0 0.9286458333333333 0.42453703703703705 0.004166666666666667 0.008333333333333333
0 0.9244791666666666 0.42638888888888893 0.004166666666666667 0.006481481481481482
