0 0.051041666666666666 0.5375 0.005208333333333333 0.01388888888888889
0 0.13046875 0.5319444444444444 0.0067708333333333336 0.01388888888888889
0 0.15625 0.5277777777777778 0.008333333333333333 0.024074074074074074
0 0.02578125 0.5449074074074074 0.0078125 0.015740740740740743
0 0.43124999999999997 0.4967592592592593 0.00625 0.019444444444444445
0 0.46119791666666665 0.4953703703703704 0.005729166666666666 0.014814814814814815
0 0.4895833333333333 0.4916666666666667 0.005208333333333333 0.012962962962962964
0 0.49583333333333335 0.48888888888888893 0.00625 0.016666666666666666
0 0.53828125 0.48750000000000004 0.008854166666666666 0.019444444444444445
0 0.5697916666666667 0.48055555555555557 0.008333333333333333 0.020370370370370372
0 0.5903645833333333 0.47962962962962963 0.0046875 0.012962962962962964
0 0.6075520833333333 0.4777777777777778 0.0046875 0.012962962962962964
0 0.721875 0.4671296296296297 0.004166666666666667 0.012037037037037037
0 0.7372395833333333 0.46574074074074073 0.0036458333333333334 0.009259259259259259
0 0.7432291666666666 0.46481481481481485 0.004166666666666667 0.009259259259259259
0 0.76015625 0.4620370370370371 0.0036458333333333334 0.009259259259259259
0 0.7752604166666667 0.4620370370370371 0.005729166666666666 0.009259259259259259
0 0.7919270833333333 0.46111111111111114 0.0036458333333333334 0.007407407407407408
0 0.7515625 0.46574074074074073 0.00625 0.012962962962962964
0 0.4044270833333333 0.5060185185185185 0.0067708333333333336 0.006481481481481482
0 0.653125 0.4777777777777778 0.004166666666666667 0.005555555555555556
