0 0.02734375 0.5643518518518519 0.0046875 0.012037037037037037
0 0.051041666666666666 0.5546296296296297 0.004166666666666667 0.012962962962962964
0 0.13151041666666666 0.549074074074074 0.0046875 0.014814814814814815
0 0.15729166666666666 0.5444444444444445 0.007291666666666667 0.020370370370370372
0 0.4317708333333333 0.5115740740740741 0.00625 0.019444444444444445
0 0.46197916666666666 0.5111111111111112 0.00625 0.016666666666666666
0 0.4895833333333333 0.5060185185185185 0.004166666666666667 0.01388888888888889
0 0.496875 0.5050925925925926 0.005208333333333333 0.01388888888888889
0 0.5393229166666667 0.5018518518518519 0.0067708333333333336 0.018518518518518517
0 0.5705729166666667 0.4962962962962963 0.008854166666666666 0.018518518518518517
0 0.5911458333333334 0.4953703703703704 0.00625 0.014814814814814815
0 0.6083333333333333 0.49212962962962964 0.005208333333333333 0.01388888888888889
0 0.7223958333333333 0.48240740740740745 0.004166666666666667 0.009259259259259259
0 0.7375 0.47962962962962963 0.004166666666666667 0.009259259259259259
0 0.7442708333333333 0.47824074074074074 0.004166666666666667 0.008333333333333333
0 0.7526041666666666 0.47685185185185186 0.00625 0.011111111111111112
0 0.7606770833333333 0.47685185185185186 0.0036458333333333334 0.007407407407407408
0 0.7760416666666666 0.4740740740740741 0.004166666666666667 0.007407407407407408
0 0.7934895833333333 0.4759259259259259 0.0046875 0.009259259259259259
0 0.4044270833333333 0.5203703703703704 0.005729166666666666 0.007407407407407408
0 0.6541666666666667 0.4916666666666667 0.004166666666666667 0.005555555555555556
