0 0.028125 0.5648148148148149 0.005208333333333333 0.012962962962962964
0 0.05234375 0.5560185185185186 0.0046875 0.01388888888888889
0 0.13203125 0.549537037037037 0.005729166666666666 0.015740740740740743
0 0.15885416666666666 0.5458333333333334 0.007291666666666667 0.019444444444444445
0 0.4328125 0.513888888888889 0.00625 0.018518518518518517
0 0.46249999999999997 0.5143518518518518 0.005208333333333333 0.01388888888888889
0 0.490625 0.5097222222222222 0.005208333333333333 0.012037037037037037
0 0.4984375 0.5083333333333333 0.005208333333333333 0.012962962962962964
0 0.5401041666666666 0.5032407407407408 0.007291666666666667 0.015740740740740743
0 0.5723958333333333 0.49953703703703706 0.008333333333333333 0.017592592592592594
0 0.5921875 0.49722222222222223 0.005208333333333333 0.014814814814814815
0 0.6096354166666667 0.49583333333333335 0.0046875 0.01388888888888889
0 0.7231770833333333 0.48333333333333334 0.0046875 0.011111111111111112
0 0.7390625 0.48194444444444445 0.004166666666666667 0.010185185185185186
0 0.7458333333333333 0.4814814814814815 0.004166666666666667 0.011111111111111112
0 0.7541666666666667 0.48194444444444445 0.00625 0.008333333333333333
0 0.7622395833333333 0.47962962962962963 0.0046875 0.009259259259259259
0 0.7776041666666667 0.47731481481481486 0.004166666666666667 0.006481481481481482
0 0.7950520833333333 0.47824074074074074 0.0046875 0.006481481481481482
0 0.40572916666666664 0.524537037037037 0.00625 0.006481481481481482
0 0.6557291666666667 0.4962962962962963 0.004166666666666667 0.005555555555555556
