0 0.028906249999999998 0.5611111111111111 0.0046875 0.014814814814814815
0 0.053125 0.5527777777777778 0.005208333333333333 0.012962962962962964
0 0.1328125 0.5462962962962963 0.00625 0.016666666666666666
0 0.15911458333333334 0.5430555555555556 0.0078125 0.021296296296296296
0 0.43307291666666664 0.5106481481481482 0.005729166666666666 0.017592592592592594
0 0.4635416666666667 0.5101851851851852 0.005208333333333333 0.014814814814814815
0 0.49140625 0.5060185185185185 0.0046875 0.01388888888888889
0 0.49947916666666664 0.5037037037037038 0.005208333333333333 0.014814814814814815
0 0.5401041666666666 0.500925925925926 0.00625 0.016666666666666666
0 0.5723958333333333 0.49444444444444446 0.008333333333333333 0.018518518518518517
0 0.59296875 0.4939814814814815 0.005729166666666666 0.012037037037037037
0 0.6096354166666667 0.49212962962962964 0.0046875 0.012037037037037037
0 0.7234375 0.48055555555555557 0.004166666666666667 0.011111111111111112
0 0.7395833333333334 0.47962962962962963 0.003125 0.007407407407407408
0 0.7463541666666667 0.4777777777777778 0.004166666666666667 0.009259259259259259
0 0.7549479166666666 0.47824074074074074 0.0067708333333333336 0.008333333333333333
0 0.7625 0.4763888888888889 0.004166666666666667 0.006481481481481482
0 0.778125 0.475462962962963 0.004166666666666667 0.010185185185185186
0 0.7955729166666666 0.4759259259259259 0.0036458333333333334 0.007407407407407408
0 0.40625 0.5199074074074074 0.008333333333333333 0.008333333333333333
0 0.65625 0.4912037037037037 0.004166666666666667 0.006481481481481482
