0 0.029427083333333333 0.5666666666666667 0.005729166666666666 0.018518518518518517
0 0.053385416666666664 0.5578703703703703 0.005729166666666666 0.01388888888888889
0 0.13307291666666665 0.5532407407407408 0.0067708333333333336 0.017592592592592594
0 0.15989583333333332 0.55 0.00625 0.020370370370370372
0 0.43333333333333335 0.5180555555555556 0.007291666666666667 0.017592592592592594
0 0.4630208333333333 0.5157407407407407 0.00625 0.016666666666666666
0 0.49114583333333334 0.512962962962963 0.004166666666666667 0.014814814814814815
0 0.49895833333333334 0.5115740740740741 0.005208333333333333 0.01388888888888889
0 0.540625 0.5069444444444444 0.005208333333333333 0.017592592592592594
0 0.57265625 0.5023148148148149 0.008854166666666666 0.019444444444444445
0 0.5927083333333333 0.5 0.005208333333333333 0.012962962962962964
0 0.6104166666666666 0.5 0.004166666666666667 0.012962962962962964
0 0.7244791666666667 0.487962962962963 0.005208333333333333 0.011111111111111112
0 0.7401041666666667 0.48750000000000004 0.004166666666666667 0.008333333333333333
0 0.7463541666666667 0.48703703703703705 0.003125 0.007407407407407408
0 0.7544270833333333 0.4861111111111111 0.005729166666666666 0.005555555555555556
0 0.7625 0.48379629629629634 0.004166666666666667 0.008333333333333333
0 0.77890625 0.48194444444444445 0.0036458333333333334 0.006481481481481482
0 0.7963541666666667 0.4814814814814815 0.004166666666666667 0.005555555555555556
0 0.40651041666666665 0.5263888888888889 0.0067708333333333336 0.008333333333333333
0 0.6552083333333333 0.49768518518518523 0.004166666666666667 0.004629629629629629
