0 0.028906249999999998 0.5666666666666667 0.005729166666666666 0.016666666666666666
0 0.053906249999999996 0.5578703703703703 0.0046875 0.012037037037037037
0 0.13333333333333333 0.5504629629629629 0.00625 0.017592592592592594
0 0.15989583333333332 0.5476851851851852 0.00625 0.021296296296296296
0 0.43385416666666665 0.5175925925925926 0.00625 0.016666666666666666
0 0.46458333333333335 0.5152777777777778 0.007291666666666667 0.017592592592592594
0 0.49166666666666664 0.513425925925926 0.005208333333333333 0.01388888888888889
0 0.49947916666666664 0.5097222222222222 0.00625 0.019444444444444445
0 0.5408854166666667 0.5078703703703704 0.0078125 0.019444444444444445
0 0.5731770833333333 0.5027777777777778 0.009895833333333333 0.022222222222222223
0 0.5932291666666667 0.5018518518518519 0.00625 0.012962962962962964
0 0.61171875 0.500462962962963 0.005729166666666666 0.012037037037037037
0 0.725 0.48888888888888893 0.004166666666666667 0.009259259259259259
0 0.740625 0.48703703703703705 0.004166666666666667 0.011111111111111112
0 0.7473958333333334 0.4861111111111111 0.003125 0.009259259259259259
0 0.7557291666666667 0.48564814814814816 0.00625 0.008333333333333333
0 0.7638020833333333 0.48333333333333334 0.0036458333333333334 0.009259259259259259
0 0.7796875 0.48194444444444445 0.005208333333333333 0.008333333333333333
0 0.7966145833333333 0.48333333333333334 0.0036458333333333334 0.007407407407407408
0 0.40781249999999997 0.5263888888888889 0.007291666666666667 0.008333333333333333
0 0.6567708333333333 0.49768518518518523 0.004166666666666667 0.008333333333333333
