0 0.030208333333333334 0.549537037037037 0.004166666666666667 0.012037037037037037
0 0.05364583333333333 0.5393518518518519 0.004166666666666667 0.01388888888888889
0 0.13333333333333333 0.5365740740740741 0.007291666666666667 0.017592592592592594
0 0.16067708333333333 0.5310185185185186 0.008854166666666666 0.021296296296296296
0 0.43333333333333335 0.5037037037037038 0.007291666666666667 0.016666666666666666
0 0.4640625 0.5013888888888889 0.007291666666666667 0.017592592592592594
0 0.49192708333333335 0.49953703703703706 0.0046875 0.01388888888888889
0 0.49895833333333334 0.49722222222222223 0.005208333333333333 0.014814814814814815
0 0.5411458333333333 0.49212962962962964 0.007291666666666667 0.017592592592592594
0 0.5736979166666667 0.48888888888888893 0.009895833333333333 0.018518518518518517
0 0.5940104166666667 0.48703703703703705 0.0067708333333333336 0.014814814814814815
0 0.6111979166666667 0.48564814814814816 0.0046875 0.01388888888888889
0 0.7244791666666667 0.475462962962963 0.004166666666666667 0.012037037037037037
0 0.7403645833333333 0.4759259259259259 0.0046875 0.012962962962962964
0 0.7471354166666666 0.47453703703703703 0.0036458333333333334 0.010185185185185186
0 0.75546875 0.47453703703703703 0.0046875 0.008333333333333333
0 0.7638020833333333 0.47222222222222227 0.0036458333333333334 0.009259259259259259
0 0.7794270833333333 0.4703703703703704 0.0036458333333333334 0.007407407407407408
0 0.7966145833333333 0.4708333333333333 0.0046875 0.008333333333333333
0 0.40729166666666666 0.512962962962963 0.009375 0.007407407407407408
0 0.3559895833333333 0.5189814814814815 0.0036458333333333334 0.004629629629629629
0 0.6567708333333333 0.4851851851851852 0.004166666666666667 0.005555555555555556
