0 0.029166666666666667 0.5449074074074074 0.004166666666666667 0.015740740740740743
0 0.053385416666666664 0.5388888888888889 0.0046875 0.012962962962962964
0 0.13255208333333332 0.5361111111111111 0.005729166666666666 0.014814814814814815
0 0.15963541666666667 0.5300925925925926 0.0078125 0.019444444444444445
0 0.43385416666666665 0.5032407407407408 0.00625 0.017592592592592594
0 0.4640625 0.500462962962963 0.007291666666666667 0.017592592592592594
0 0.4921875 0.500462962962963 0.005208333333333333 0.01388888888888889
0 0.4986979166666667 0.49768518518518523 0.0046875 0.01388888888888889
0 0.5403645833333334 0.49444444444444446 0.005729166666666666 0.016666666666666666
0 0.5736979166666667 0.48842592592592593 0.008854166666666666 0.021296296296296296
0 0.59453125 0.4865740740740741 0.0046875 0.012037037037037037
0 0.6106770833333334 0.4851851851851852 0.0046875 0.012962962962962964
0 0.7252604166666666 0.4763888888888889 0.0046875 0.010185185185185186
0 0.4067708333333333 0.512962962962963 0.00625 0.005555555555555556
0 0.73984375 0.475462962962963 0.0046875 0.012037037037037037
0 0.746875 0.47500000000000003 0.004166666666666667 0.011111111111111112
0 0.7557291666666667 0.4763888888888889 0.00625 0.006481481481481482
0 0.7635416666666667 0.47500000000000003 0.005208333333333333 0.009259259259259259
0 0.7794270833333333 0.4712962962962963 0.0036458333333333334 0.007407407407407408
0 0.79609375 0.47175925925925927 0.0046875 0.006481481481481482
0 0.6565104166666667 0.4865740740740741 0.0036458333333333334 0.004629629629629629
0 0.35572916666666665 0.5180555555555556 0.004166666666666667 0.004629629629629629
