0 0.028645833333333332 0.5375 0.004166666666666667 0.01388888888888889
0 0.05286458333333333 0.5296296296296297 0.0036458333333333334 0.014814814814814815
0 0.1328125 0.5268518518518519 0.00625 0.014814814814814815
0 0.16015625 0.5226851851851853 0.0078125 0.021296296296296296
0 0.4067708333333333 0.5055555555555555 0.007291666666666667 0.009259259259259259
0 0.43333333333333335 0.49583333333333335 0.005208333333333333 0.015740740740740743
0 0.46380208333333334 0.4935185185185185 0.0067708333333333336 0.020370370370370372
0 0.4921875 0.4930555555555556 0.004166666666666667 0.012037037037037037
0 0.49973958333333335 0.49259259259259264 0.0046875 0.011111111111111112
0 0.5403645833333334 0.48842592592592593 0.0067708333333333336 0.015740740740740743
0 0.57578125 0.4828703703703704 0.0036458333333333334 0.01388888888888889
0 0.5940104166666667 0.48194444444444445 0.005729166666666666 0.01388888888888889
0 0.61171875 0.4791666666666667 0.0046875 0.01388888888888889
0 0.7244791666666667 0.47222222222222227 0.005208333333333333 0.011111111111111112
0 0.7401041666666667 0.47222222222222227 0.004166666666666667 0.009259259259259259
0 0.746875 0.4708333333333333 0.004166666666666667 0.010185185185185186
0 0.75546875 0.4708333333333333 0.005729166666666666 0.010185185185185186
0 0.7638020833333333 0.4703703703703704 0.0036458333333333334 0.007407407407407408
0 0.7794270833333333 0.4671296296296297 0.0046875 0.010185185185185186
0 0.7971354166666667 0.4675925925925926 0.0036458333333333334 0.007407407407407408
0 0.5713541666666666 0.4851851851851852 0.004166666666666667 0.012962962962962964
