0 0.04088541666666667 0.4166666666666667 0.0046875 0.012962962962962964
0 0.12265625 0.41435185185185186 0.0046875 0.015740740740740743
0 0.14557291666666666 0.40972222222222227 0.0067708333333333336 0.019444444444444445
0 0.4244791666666667 0.38657407407407407 0.00625 0.015740740740740743
0 0.4549479166666667 0.3842592592592593 0.005729166666666666 0.014814814814814815
0 0.4817708333333333 0.3861111111111111 0.004166666666666667 0.009259259259259259
0 0.4888020833333333 0.3837962962962963 0.0046875 0.01388888888888889
0 0.5325520833333334 0.37962962962962965 0.0078125 0.018518518518518517
0 0.5619791666666667 0.3768518518518519 0.007291666666666667 0.018518518518518517
0 0.5833333333333334 0.3763888888888889 0.005208333333333333 0.012037037037037037
0 0.6002604166666666 0.37592592592592594 0.0046875 0.014814814814814815
0 0.7145833333333333 0.3666666666666667 0.004166666666666667 0.009259259259259259
0 0.73046875 0.3652777777777778 0.0046875 0.006481481481481482
0 0.7372395833333333 0.36388888888888893 0.0036458333333333334 0.007407407407407408
0 0.7450520833333333 0.3652777777777778 0.0067708333333333336 0.006481481481481482
0 0.753125 0.3615740740740741 0.004166666666666667 0.008333333333333333
0 0.7690104166666667 0.3611111111111111 0.0036458333333333334 0.007407407407407408
0 0.7856770833333333 0.362962962962963 0.0036458333333333334 0.005555555555555556
