0 0.028125 0.513425925925926 0.003125 0.01388888888888889
0 0.05260416666666667 0.5046296296296297 0.005208333333333333 0.014814814814814815
0 0.13125 0.5023148148148149 0.005208333333333333 0.015740740740740743
0 0.16015625 0.4990740740740741 0.0067708333333333336 0.022222222222222223
0 0.4067708333333333 0.48564814814814816 0.007291666666666667 0.008333333333333333
0 0.4322916666666667 0.4763888888888889 0.00625 0.015740740740740743
0 0.4635416666666667 0.475462962962963 0.00625 0.01388888888888889
0 0.49114583333333334 0.47361111111111115 0.00625 0.01388888888888889
0 0.4979166666666667 0.47361111111111115 0.007291666666666667 0.01388888888888889
0 0.5401041666666666 0.4703703703703704 0.00625 0.014814814814814815
0 0.5760416666666667 0.46342592592592596 0.004166666666666667 0.017592592592592594
0 0.5934895833333333 0.46481481481481485 0.0046875 0.011111111111111112
0 0.6114583333333333 0.4638888888888889 0.00625 0.012962962962962964
0 0.72421875 0.45601851851851855 0.0046875 0.012037037037037037
0 0.6552083333333333 0.46296296296296297 0.003125 0.005555555555555556
0 0.7395833333333334 0.45462962962962966 0.004166666666666667 0.009259259259259259
0 0.74609375 0.45416666666666666 0.0046875 0.010185185185185186
0 0.7557291666666667 0.4537037037037037 0.00625 0.007407407407407408
0 0.76328125 0.4518518518518519 0.0036458333333333334 0.009259259259259259
0 0.77890625 0.45092592592592595 0.0046875 0.007407407407407408
0 0.7963541666666667 0.4513888888888889 0.004166666666666667 0.008333333333333333
0 0.5703125 0.4675925925925926 0.005208333333333333 0.016666666666666666
