0 0.02734375 0.4986111111111111 0.0036458333333333334 0.01388888888888889
0 0.051041666666666666 0.4912037037037037 0.004166666666666667 0.012037037037037037
0 0.13046875 0.48888888888888893 0.005729166666666666 0.014814814814814815
0 0.15911458333333334 0.4851851851851852 0.0067708333333333336 0.022222222222222223
0 0.40625 0.4740740740740741 0.008333333333333333 0.007407407407407408
0 0.4328125 0.4652777777777778 0.00625 0.019444444444444445
0 0.4627604166666667 0.4652777777777778 0.0078125 0.01388888888888889
0 0.4901041666666667 0.4620370370370371 0.005208333333333333 0.012962962962962964
0 0.49765624999999997 0.4620370370370371 0.005729166666666666 0.012962962962962964
0 0.5388020833333333 0.4587962962962963 0.005729166666666666 0.01388888888888889
0 0.56875 0.45555555555555555 0.00625 0.014814814814814815
0 0.575 0.4527777777777778 0.007291666666666667 0.016666666666666666
0 0.5927083333333333 0.45231481481481484 0.004166666666666667 0.012037037037037037
0 0.6098958333333333 0.4513888888888889 0.005208333333333333 0.012037037037037037
0 0.6557291666666667 0.4537037037037037 0.004166666666666667 0.005555555555555556
0 0.7234375 0.4462962962962963 0.004166666666666667 0.011111111111111112
0 0.7388020833333333 0.44583333333333336 0.0046875 0.010185185185185186
0 0.7455729166666667 0.4439814814814815 0.0046875 0.010185185185185186
0 0.7546875 0.4449074074074074 0.00625 0.008333333333333333
0 0.76171875 0.4430555555555556 0.0046875 0.012037037037037037
0 0.77890625 0.4416666666666667 0.0046875 0.011111111111111112
0 0.7958333333333333 0.44212962962962965 0.004166666666666667 0.006481481481481482
0 0.7541666666666667 0.45740740740740743 0.007291666666666667 0.005555555555555556
