0 0.026041666666666668 0.48564814814814816 0.004166666666666667 0.01388888888888889
0 0.05026041666666667 0.47824074074074074 0.0036458333333333334 0.01388888888888889
0 0.12890625 0.47731481481481486 0.005729166666666666 0.015740740740740743
0 0.15859375 0.4726851851851852 0.0078125 0.021296296296296296
0 0.40598958333333335 0.46342592592592596 0.0067708333333333336 0.006481481481481482
0 0.4315104166666667 0.45601851851851855 0.005729166666666666 0.015740740740740743
0 0.4630208333333333 0.45601851851851855 0.00625 0.015740740740740743
0 0.4903645833333333 0.4527777777777778 0.0046875 0.014814814814814815
0 0.4973958333333333 0.4518518518518519 0.005208333333333333 0.014814814814814815
0 0.5377604166666666 0.4486111111111111 0.005729166666666666 0.01388888888888889
0 0.5690104166666666 0.4476851851851852 0.005729166666666666 0.015740740740740743
0 0.5747395833333333 0.4449074074074074 0.0067708333333333336 0.017592592592592594
0 0.5927083333333333 0.4439814814814815 0.005208333333333333 0.01388888888888889
0 0.609375 0.4430555555555556 0.005208333333333333 0.012037037037037037
0 0.7234375 0.4388888888888889 0.005208333333333333 0.012962962962962964
0 0.73828125 0.4361111111111111 0.0046875 0.014814814814814815
0 0.7453125 0.4375 0.005208333333333333 0.010185185185185186
0 0.7544270833333333 0.437962962962963 0.005729166666666666 0.009259259259259259
0 0.7614583333333333 0.4365740740740741 0.004166666666666667 0.012037037037037037
0 0.77890625 0.4361111111111111 0.0046875 0.009259259259259259
0 0.7950520833333333 0.4361111111111111 0.0036458333333333334 0.007407407407407408
0 0.6549479166666666 0.44583333333333336 0.0036458333333333334 0.006481481481481482
0 0.7541666666666667 0.45 0.00625 0.005555555555555556
