0 0.025520833333333333 0.45555555555555555 0.005208333333333333 0.012962962962962964
0 0.04895833333333333 0.4476851851851852 0.005208333333333333 0.012037037037037037
0 0.12786458333333334 0.4476851851851852 0.005729166666666666 0.017592592592592594
0 0.15729166666666666 0.4439814814814815 0.007291666666666667 0.019444444444444445
0 0.4041666666666667 0.4375 0.005208333333333333 0.006481481481481482
0 0.43046875 0.43194444444444446 0.0067708333333333336 0.017592592592592594
0 0.4614583333333333 0.4300925925925926 0.00625 0.015740740740740743
0 0.4890625 0.42824074074074076 0.005208333333333333 0.01388888888888889
0 0.496875 0.4287037037037037 0.005208333333333333 0.011111111111111112
0 0.5380208333333333 0.425462962962963 0.00625 0.01388888888888889
0 0.56875 0.42453703703703705 0.00625 0.01388888888888889
0 0.5744791666666667 0.4203703703703704 0.00625 0.014814814814814815
0 0.5911458333333334 0.42314814814814816 0.00625 0.011111111111111112
0 0.6088541666666667 0.42129629629629634 0.005208333333333333 0.011111111111111112
0 0.6541666666666667 0.4222222222222222 0.003125 0.007407407407407408
0 0.7231770833333333 0.4175925925925926 0.0046875 0.011111111111111112
0 0.7372395833333333 0.4166666666666667 0.0036458333333333334 0.009259259259259259
0 0.7447916666666666 0.4166666666666667 0.004166666666666667 0.009259259259259259
0 0.75390625 0.41574074074074074 0.0067708333333333336 0.007407407407407408
0 0.76171875 0.4152777777777778 0.0036458333333333334 0.010185185185185186
0 0.7776041666666667 0.41481481481481486 0.004166666666666667 0.009259259259259259
0 0.7947916666666667 0.4152777777777778 0.005208333333333333 0.008333333333333333
0 0.7546875 0.42962962962962964 0.007291666666666667 0.007407407407407408
