0 0.04765625 0.4236111111111111 0.0046875 0.012037037037037037
0 0.1265625 0.42314814814814816 0.00625 0.014814814814814815
0 0.15651041666666665 0.4203703703703704 0.0078125 0.018518518518518517
0 0.4041666666666667 0.4175925925925926 0.00625 0.007407407407407408
0 0.4296875 0.40925925925925927 0.00625 0.016666666666666666
0 0.46119791666666665 0.4087962962962963 0.0067708333333333336 0.017592592592592594
0 0.4888020833333333 0.4087962962962963 0.005729166666666666 0.01388888888888889
0 0.49635416666666665 0.40740740740740744 0.005208333333333333 0.014814814814814815
0 0.5372395833333333 0.40694444444444444 0.005729166666666666 0.01388888888888889
0 0.5677083333333334 0.40601851851851856 0.00625 0.015740740740740743
0 0.5736979166666667 0.4027777777777778 0.0067708333333333336 0.014814814814814815
0 0.5908854166666666 0.40370370370370373 0.005729166666666666 0.011111111111111112
0 0.60859375 0.40324074074074073 0.0046875 0.012037037037037037
0 0.6526041666666667 0.4046296296296297 0.00625 0.007407407407407408
0 0.72265625 0.39861111111111114 0.0046875 0.012037037037037037
0 0.7364583333333333 0.3995370370370371 0.005208333333333333 0.012037037037037037
0 0.7440104166666667 0.39861111111111114 0.0046875 0.010185185185185186
0 0.7536458333333333 0.3995370370370371 0.007291666666666667 0.010185185185185186
0 0.7614583333333333 0.3995370370370371 0.005208333333333333 0.008333333333333333
0 0.7776041666666667 0.3976851851851852 0.004166666666666667 0.010185185185185186
0 0.79453125 0.39814814814814814 0.0046875 0.007407407407407408
0 0.7541666666666667 0.41203703703703703 0.00625 0.007407407407407408
