0 0.12447916666666667 0.4087962962962963 0.00625 0.01388888888888889
0 0.15520833333333334 0.40555555555555556 0.007291666666666667 0.018518518518518517
0 0.403125 0.40555555555555556 0.00625 0.005555555555555556
0 0.42890625 0.3976851851851852 0.0067708333333333336 0.015740740740740743
0 0.46015625 0.39675925925925926 0.0067708333333333336 0.017592592592592594
0 0.4888020833333333 0.39722222222222225 0.005729166666666666 0.014814814814814815
0 0.49557291666666664 0.39722222222222225 0.0046875 0.011111111111111112
0 0.5356770833333333 0.39490740740740743 0.0067708333333333336 0.015740740740740743
0 0.5677083333333334 0.3944444444444445 0.007291666666666667 0.014814814814814815
0 0.5731770833333333 0.3925925925925926 0.0067708333333333336 0.012962962962962964
0 0.5901041666666667 0.39305555555555555 0.005208333333333333 0.012037037037037037
0 0.6083333333333333 0.3925925925925926 0.004166666666666667 0.011111111111111112
0 0.6536458333333334 0.39490740740740743 0.004166666666666667 0.006481481481481482
0 0.7213541666666666 0.3912037037037037 0.005208333333333333 0.008333333333333333
0 0.7369791666666666 0.3907407407407408 0.004166666666666667 0.009259259259259259
0 0.7442708333333333 0.3902777777777778 0.004166666666666667 0.010185185185185186
0 0.7533854166666667 0.3888888888888889 0.0067708333333333336 0.009259259259259259
0 0.7606770833333333 0.3893518518518519 0.0046875 0.010185185185185186
0 0.7770833333333333 0.38842592592592595 0.004166666666666667 0.010185185185185186
0 0.7942708333333334 0.3893518518518519 0.004166666666666667 0.006481481481481482
0 0.04635416666666667 0.4078703703703704 0.004166666666666667 0.012037037037037037
0 0.7544270833333333 0.4027777777777778 0.0067708333333333336 0.007407407407407408
