0 0.04583333333333333 0.37777777777777777 0.004166666666666667 0.011111111111111112
0 0.12369791666666667 0.37962962962962965 0.005729166666666666 0.012962962962962964
0 0.15494791666666666 0.37824074074074077 0.0078125 0.021296296296296296
0 0.4028645833333333 0.3791666666666667 0.0067708333333333336 0.008333333333333333
0 0.42916666666666664 0.3717592592592593 0.00625 0.019444444444444445
0 0.4596354166666667 0.3726851851851852 0.005729166666666666 0.015740740740740743
0 0.4888020833333333 0.3736111111111111 0.0046875 0.01388888888888889
0 0.49609375 0.3717592592592593 0.005729166666666666 0.01388888888888889
0 0.53671875 0.3717592592592593 0.005729166666666666 0.01388888888888889
0 0.5677083333333334 0.37222222222222223 0.00625 0.014814814814814815
0 0.5739583333333333 0.3685185185185185 0.007291666666666667 0.014814814814814815
0 0.590625 0.37083333333333335 0.005208333333333333 0.012037037037037037
0 0.6088541666666667 0.3726851851851852 0.005208333333333333 0.010185185185185186
0 0.6536458333333334 0.3740740740740741 0.005208333333333333 0.007407407407407408
0 0.7223958333333333 0.3699074074074074 0.005208333333333333 0.012037037037037037
0 0.7372395833333333 0.3680555555555556 0.0046875 0.010185185185185186
0 0.74453125 0.36944444444444446 0.005729166666666666 0.011111111111111112
0 0.7536458333333333 0.36944444444444446 0.008333333333333333 0.009259259259259259
0 0.7619791666666667 0.3680555555555556 0.005208333333333333 0.012037037037037037
0 0.77734375 0.3685185185185185 0.0046875 0.011111111111111112
0 0.7950520833333333 0.3689814814814815 0.0046875 0.008333333333333333
0 0.7549479166666666 0.38287037037037036 0.0067708333333333336 0.006481481481481482
