0 0.7958333333333333 0.34953703703703703 0.004166666666666667 0.006481481481481482
0 0.7557291666666667 0.3615740740740741 0.007291666666666667 0.006481481481481482
0 0.77890625 0.3476851851851852 0.0036458333333333334 0.008333333333333333
0 0.7619791666666667 0.34814814814814815 0.004166666666666667 0.007407407407407408
0 0.7544270833333333 0.34861111111111115 0.0078125 0.008333333333333333
0 0.7450520833333333 0.34861111111111115 0.0046875 0.010185185185185186
0 0.7375 0.3490740740740741 0.005208333333333333 0.011111111111111112
0 0.7229166666666667 0.34861111111111115 0.005208333333333333 0.010185185185185186
0 0.6541666666666667 0.3523148148148148 0.005208333333333333 0.006481481481481482
0 0.56796875 0.35000000000000003 0.005729166666666666 0.012962962962962964
0 0.5744791666666667 0.34675925925925927 0.007291666666666667 0.015740740740740743
0 0.5908854166666666 0.3490740740740741 0.0046875 0.012962962962962964
0 0.6091145833333333 0.34861111111111115 0.005729166666666666 0.012037037037037037
0 0.5372395833333333 0.34814814814814815 0.0067708333333333336 0.016666666666666666
0 0.48932291666666666 0.34953703703703703 0.005729166666666666 0.015740740740740743
0 0.4966145833333333 0.3476851851851852 0.005729166666666666 0.015740740740740743
0 0.4296875 0.34953703703703703 0.00625 0.017592592592592594
0 0.4609375 0.3490740740740741 0.007291666666666667 0.018518518518518517
0 0.40390624999999997 0.3550925925925926 0.0078125 0.006481481481481482
0 0.15598958333333332 0.35185185185185186 0.0078125 0.022222222222222223
0 0.25 0.35462962962962963 0.004166666666666667 0.005555555555555556
0 0.12395833333333334 0.3527777777777778 0.007291666666666667 0.016666666666666666
