0 0.12395833333333334 0.33935185185185185 0.007291666666666667 0.017592592592592594
0 0.15572916666666667 0.3388888888888889 0.008333333333333333 0.020370370370370372
0 0.403125 0.34444444444444444 0.007291666666666667 0.007407407407407408
0 0.42916666666666664 0.33842592592592596 0.00625 0.017592592592592594
0 0.46041666666666664 0.3388888888888889 0.007291666666666667 0.018518518518518517
0 0.48854166666666665 0.34074074074074073 0.005208333333333333 0.012962962962962964
0 0.4966145833333333 0.3388888888888889 0.005729166666666666 0.014814814814814815
0 0.5372395833333333 0.33981481481481485 0.0067708333333333336 0.014814814814814815
0 0.56796875 0.33935185185185185 0.005729166666666666 0.015740740740740743
0 0.5744791666666667 0.3375 0.00625 0.015740740740740743
0 0.5908854166666666 0.34120370370370373 0.0046875 0.012037037037037037
0 0.6088541666666667 0.33981481481481485 0.005208333333333333 0.012962962962962964
0 0.6546875 0.34444444444444444 0.004166666666666667 0.007407407407407408
0 0.7234375 0.34120370370370373 0.004166666666666667 0.008333333333333333
0 0.7385416666666667 0.3421296296296296 0.004166666666666667 0.010185185185185186
0 0.7458333333333333 0.3416666666666667 0.004166666666666667 0.011111111111111112
0 0.7549479166666666 0.3421296296296296 0.0067708333333333336 0.008333333333333333
0 0.7619791666666667 0.3416666666666667 0.005208333333333333 0.011111111111111112
0 0.7796875 0.3425925925925926 0.004166666666666667 0.009259259259259259
0 0.79609375 0.34351851851851856 0.0046875 0.007407407407407408
0 0.75703125 0.3550925925925926 0.0067708333333333336 0.006481481481481482
