0 0.12395833333333334 0.31666666666666665 0.00625 0.018518518518518517
0 0.15677083333333333 0.31712962962962965 0.008333333333333333 0.021296296296296296
0 0.4036458333333333 0.32407407407407407 0.00625 0.007407407407407408
0 0.42994791666666665 0.32037037037037036 0.0067708333333333336 0.016666666666666666
0 0.4609375 0.3199074074074074 0.007291666666666667 0.017592592592592594
0 0.48984374999999997 0.3231481481481482 0.005729166666666666 0.011111111111111112
0 0.4966145833333333 0.32083333333333336 0.005729166666666666 0.015740740740740743
0 0.5375 0.32222222222222224 0.007291666666666667 0.016666666666666666
0 0.56953125 0.32222222222222224 0.005729166666666666 0.014814814814814815
0 0.5755208333333334 0.3212962962962963 0.007291666666666667 0.016666666666666666
0 0.5924479166666666 0.32453703703703707 0.0046875 0.008333333333333333
0 0.6098958333333333 0.32222222222222224 0.005208333333333333 0.012962962962962964
0 0.7244791666666667 0.32453703703703707 0.004166666666666667 0.010185185185185186
0 0.7393229166666666 0.32546296296296295 0.0046875 0.010185185185185186
0 0.746875 0.32453703703703707 0.004166666666666667 0.012037037037037037
0 0.7557291666666667 0.32685185185185184 0.00625 0.007407407407407408
0 0.7635416666666667 0.32685185185185184 0.004166666666666667 0.009259259259259259
0 0.7799479166666666 0.325 0.0046875 0.009259259259259259
0 0.7973958333333333 0.3277777777777778 0.004166666666666667 0.009259259259259259
0 0.7588541666666666 0.33935185185185185 0.00625 0.008333333333333333
