0 0.0421875 0.4361111111111111 0.005208333333333333 0.012962962962962964
0 0.12317708333333333 0.4328703703703704 0.0046875 0.015740740740740743
0 0.14635416666666667 0.4300925925925926 0.00625 0.021296296296296296
0 0.4244791666666667 0.4050925925925926 0.00625 0.017592592592592594
0 0.4549479166666667 0.4046296296296297 0.005729166666666666 0.014814814814814815
0 0.48151041666666666 0.4027777777777778 0.0046875 0.012962962962962964
0 0.4890625 0.4027777777777778 0.005208333333333333 0.011111111111111112
0 0.5325520833333334 0.39861111111111114 0.0067708333333333336 0.019444444444444445
0 0.5627604166666667 0.39490740740740743 0.0078125 0.017592592592592594
0 0.58359375 0.39537037037037037 0.005729166666666666 0.011111111111111112
0 0.60078125 0.3925925925925926 0.0046875 0.012962962962962964
0 0.71484375 0.3842592592592593 0.0036458333333333334 0.011111111111111112
0 0.7307291666666667 0.3842592592592593 0.004166666666666667 0.005555555555555556
0 0.7377604166666667 0.3824074074074074 0.0036458333333333334 0.007407407407407408
0 0.7453125 0.38333333333333336 0.007291666666666667 0.007407407407407408
0 0.7536458333333333 0.38101851851851853 0.004166666666666667 0.008333333333333333
0 0.76875 0.3800925925925926 0.004166666666666667 0.008333333333333333
0 0.7856770833333333 0.3800925925925926 0.0036458333333333334 0.006481481481481482
