0 0.125 0.29212962962962963 0.007291666666666667 0.015740740740740743
0 0.15677083333333333 0.29074074074074074 0.008333333333333333 0.020370370370370372
0 0.40520833333333334 0.30462962962962964 0.00625 0.007407407407407408
0 0.43072916666666666 0.2990740740740741 0.00625 0.016666666666666666
0 0.4622395833333333 0.300462962962963 0.0067708333333333336 0.015740740740740743
0 0.49140625 0.30324074074074076 0.0046875 0.01388888888888889
0 0.4979166666666667 0.30092592592592593 0.00625 0.012962962962962964
0 0.5390625 0.3027777777777778 0.00625 0.012962962962962964
0 0.5705729166666667 0.3041666666666667 0.005729166666666666 0.017592592592592594
0 0.5770833333333333 0.30185185185185187 0.007291666666666667 0.016666666666666666
0 0.5934895833333333 0.3050925925925926 0.0046875 0.010185185185185186
0 0.6114583333333333 0.3041666666666667 0.005208333333333333 0.012037037037037037
0 0.6572916666666666 0.30972222222222223 0.004166666666666667 0.006481481481481482
0 0.7260416666666667 0.30833333333333335 0.004166666666666667 0.009259259259259259
0 0.7411458333333333 0.30833333333333335 0.004166666666666667 0.009259259259259259
0 0.7486979166666666 0.30972222222222223 0.0046875 0.010185185185185186
0 0.7578125 0.3087962962962963 0.00625 0.008333333333333333
0 0.7653645833333333 0.3101851851851852 0.0046875 0.011111111111111112
0 0.76015625 0.3231481481481482 0.0067708333333333336 0.005555555555555556
0 0.78203125 0.30972222222222223 0.0036458333333333334 0.010185185185185186
0 0.7994791666666666 0.31203703703703706 0.004166666666666667 0.007407407407407408
