0 0.125 0.28703703703703703 0.007291666666666667 0.016666666666666666
0 0.15807291666666667 0.287962962962963 0.0078125 0.020370370370370372
0 0.40651041666666665 0.30324074074074076 0.0078125 0.006481481481481482
0 0.4317708333333333 0.2972222222222222 0.00625 0.016666666666666666
0 0.4635416666666667 0.2986111111111111 0.00625 0.017592592592592594
0 0.49166666666666664 0.3027777777777778 0.005208333333333333 0.012962962962962964
0 0.49895833333333334 0.300462962962963 0.005208333333333333 0.015740740740740743
0 0.5393229166666667 0.30092592592592593 0.0067708333333333336 0.018518518518518517
0 0.57109375 0.3027777777777778 0.005729166666666666 0.014814814814814815
0 0.5776041666666667 0.3013888888888889 0.00625 0.017592592592592594
0 0.59375 0.30648148148148147 0.004166666666666667 0.009259259259259259
0 0.6119791666666666 0.3041666666666667 0.005208333333333333 0.012037037037037037
0 0.7268229166666667 0.3087962962962963 0.0046875 0.012037037037037037
0 0.7416666666666667 0.30972222222222223 0.005208333333333333 0.010185185185185186
0 0.7494791666666667 0.3101851851851852 0.005208333333333333 0.011111111111111112
0 0.75859375 0.30972222222222223 0.005729166666666666 0.010185185185185186
0 0.7661458333333333 0.3106481481481482 0.004166666666666667 0.010185185185185186
0 0.7825520833333334 0.3106481481481482 0.0036458333333333334 0.010185185185185186
0 0.8002604166666667 0.312962962962963 0.0036458333333333334 0.007407407407407408
