0 0.12578125 0.2763888888888889 0.0078125 0.015740740740740743
0 0.15885416666666666 0.2763888888888889 0.008333333333333333 0.019444444444444445
0 0.40703125 0.2939814814814815 0.0067708333333333336 0.006481481481481482
0 0.43333333333333335 0.2888888888888889 0.00625 0.018518518518518517
0 0.46432291666666664 0.2916666666666667 0.0067708333333333336 0.016666666666666666
0 0.49296875 0.2925925925925926 0.0046875 0.014814814814814815
0 0.5013020833333334 0.29212962962962963 0.0067708333333333336 0.01388888888888889
0 0.5401041666666666 0.2935185185185185 0.007291666666666667 0.018518518518518517
0 0.5721354166666667 0.29583333333333334 0.0067708333333333336 0.015740740740740743
0 0.57890625 0.2953703703703704 0.0067708333333333336 0.014814814814814815
0 0.5950520833333334 0.2972222222222222 0.005729166666666666 0.011111111111111112
0 0.6145833333333334 0.29814814814814816 0.004166666666666667 0.009259259259259259
0 0.6596354166666667 0.3027777777777778 0.0046875 0.007407407407407408
0 0.7286458333333333 0.30324074074074076 0.005208333333333333 0.012037037037037037
0 0.7440104166666667 0.3037037037037037 0.0046875 0.009259259259259259
0 0.7513020833333334 0.3037037037037037 0.0046875 0.011111111111111112
0 0.7604166666666666 0.3037037037037037 0.005208333333333333 0.011111111111111112
0 0.76796875 0.30324074074074076 0.0046875 0.010185185185185186
0 0.7854166666666667 0.3041666666666667 0.003125 0.008333333333333333
0 0.8020833333333334 0.30694444444444446 0.004166666666666667 0.008333333333333333
