0 0.12604166666666666 0.25787037037037036 0.00625 0.010185185185185186
0 0.16067708333333333 0.2569444444444445 0.0067708333333333336 0.019444444444444445
0 0.4080729166666667 0.2763888888888889 0.0067708333333333336 0.006481481481481482
0 0.434375 0.27175925925925926 0.00625 0.015740740740740743
0 0.4653645833333333 0.27314814814814814 0.005729166666666666 0.016666666666666666
0 0.4947916666666667 0.2763888888888889 0.005208333333333333 0.015740740740740743
0 0.50234375 0.27592592592592596 0.005729166666666666 0.016666666666666666
0 0.5421875 0.27592592592592596 0.007291666666666667 0.018518518518518517
0 0.5744791666666667 0.2796296296296296 0.005208333333333333 0.016666666666666666
0 0.58046875 0.27870370370370373 0.0078125 0.014814814814814815
0 0.596875 0.2828703703703704 0.005208333333333333 0.010185185185185186
0 0.6161458333333333 0.2828703703703704 0.005208333333333333 0.010185185185185186
0 0.66171875 0.28935185185185186 0.0036458333333333334 0.006481481481481482
0 0.7302083333333333 0.2884259259259259 0.005208333333333333 0.010185185185185186
0 0.7453125 0.29120370370370374 0.004166666666666667 0.008333333333333333
0 0.7528645833333333 0.29120370370370374 0.0046875 0.008333333333333333
0 0.7627604166666666 0.29074074074074074 0.0067708333333333336 0.009259259259259259
0 0.76953125 0.2902777777777778 0.0046875 0.012037037037037037
0 0.7861979166666666 0.29212962962962963 0.0046875 0.008333333333333333
0 0.8039062499999999 0.2939814814814815 0.0036458333333333334 0.008333333333333333
