0 0.128125 0.2564814814814815 0.00625 0.016666666666666666
0 0.16223958333333333 0.2574074074074074 0.0067708333333333336 0.020370370370370372
0 0.40989583333333335 0.2791666666666667 0.009375 0.008333333333333333
0 0.4354166666666667 0.274537037037037 0.00625 0.017592592592592594
0 0.4666666666666667 0.2763888888888889 0.005208333333333333 0.01388888888888889
0 0.49635416666666665 0.2800925925925926 0.004166666666666667 0.012037037037037037
0 0.5033854166666667 0.28055555555555556 0.0046875 0.012962962962962964
0 0.54296875 0.28101851851851856 0.0067708333333333336 0.017592592592592594
0 0.575 0.28425925925925927 0.005208333333333333 0.012962962962962964
0 0.58203125 0.28055555555555556 0.005729166666666666 0.016666666666666666
0 0.5984375 0.28564814814814815 0.005208333333333333 0.008333333333333333
0 0.6169270833333333 0.2847222222222222 0.0046875 0.012037037037037037
0 0.7315104166666666 0.29305555555555557 0.0036458333333333334 0.010185185185185186
0 0.7466145833333333 0.2935185185185185 0.0046875 0.011111111111111112
0 0.7544270833333333 0.2939814814814815 0.0046875 0.008333333333333333
0 0.76328125 0.2939814814814815 0.0067708333333333336 0.008333333333333333
0 0.77109375 0.2935185185185185 0.0046875 0.011111111111111112
0 0.78828125 0.2953703703703704 0.0046875 0.009259259259259259
0 0.80546875 0.2986111111111111 0.0036458333333333334 0.006481481481481482
0 0.6622395833333333 0.29305555555555557 0.0036458333333333334 0.004629629629629629
