0 0.13046875 0.25925925925925924 0.0067708333333333336 0.016666666666666666
0 0.16458333333333333 0.2587962962962963 0.007291666666666667 0.019444444444444445
0 0.41302083333333334 0.28240740740740744 0.009375 0.009259259259259259
0 0.43723958333333335 0.2777777777777778 0.005729166666666666 0.018518518518518517
0 0.46822916666666664 0.2800925925925926 0.005208333333333333 0.01388888888888889
0 0.49765624999999997 0.2851851851851852 0.0046875 0.009259259259259259
0 0.5057291666666667 0.2833333333333333 0.005208333333333333 0.014814814814814815
0 0.5442708333333334 0.2847222222222222 0.00625 0.017592592592592594
0 0.57734375 0.28750000000000003 0.0046875 0.01388888888888889
0 0.5841145833333333 0.2865740740740741 0.005729166666666666 0.015740740740740743
0 0.6002604166666666 0.29120370370370374 0.0046875 0.010185185185185186
0 0.61875 0.29074074074074074 0.005208333333333333 0.011111111111111112
0 0.73359375 0.29953703703703705 0.0036458333333333334 0.008333333333333333
0 0.7484375 0.3 0.004166666666666667 0.009259259259259259
0 0.75625 0.3 0.004166666666666667 0.009259259259259259
0 0.7653645833333333 0.30092592592592593 0.005729166666666666 0.007407407407407408
0 0.7729166666666667 0.29953703703703705 0.004166666666666667 0.010185185185185186
0 0.7903645833333334 0.3013888888888889 0.0046875 0.008333333333333333
0 0.8072916666666666 0.3041666666666667 0.004166666666666667 0.008333333333333333
0 0.66484375 0.2972222222222222 0.0046875 0.005555555555555556
