0 0.13098958333333333 0.2425925925925926 0.0067708333333333336 0.012962962962962964
0 0.16588541666666667 0.2425925925925926 0.0067708333333333336 0.020370370370370372
0 0.41484375 0.26851851851851855 0.008854166666666666 0.007407407407407408
0 0.4388020833333333 0.26435185185185184 0.005729166666666666 0.015740740740740743
0 0.46979166666666666 0.2662037037037037 0.00625 0.015740740740740743
0 0.49921875 0.2712962962962963 0.0046875 0.011111111111111112
0 0.5072916666666667 0.27037037037037037 0.00625 0.016666666666666666
0 0.546875 0.2726851851851852 0.00625 0.015740740740740743
0 0.5794270833333334 0.2740740740740741 0.0046875 0.012962962962962964
0 0.5861979166666667 0.27314814814814814 0.005729166666666666 0.014814814814814815
0 0.60234375 0.27824074074074073 0.0036458333333333334 0.010185185185185186
0 0.6205729166666667 0.2777777777777778 0.0046875 0.009259259259259259
0 0.7354166666666666 0.287962962962963 0.003125 0.009259259259259259
0 0.7502604166666667 0.2888888888888889 0.0036458333333333334 0.009259259259259259
0 0.7583333333333333 0.2884259259259259 0.004166666666666667 0.010185185185185186
0 0.7677083333333333 0.287962962962963 0.00625 0.007407407407407408
0 0.7744791666666666 0.28935185185185186 0.004166666666666667 0.008333333333333333
0 0.7921875 0.2898148148148148 0.004166666666666667 0.009259259259259259
0 0.8098958333333334 0.29305555555555557 0.00625 0.008333333333333333
