0 0.13307291666666665 0.25277777777777777 0.005729166666666666 0.014814814814814815
0 0.16848958333333333 0.2537037037037037 0.0067708333333333336 0.018518518518518517
0 0.41744791666666664 0.2800925925925926 0.0036458333333333334 0.006481481481481482
0 0.44088541666666664 0.2763888888888889 0.005729166666666666 0.015740740740740743
0 0.471875 0.27824074074074073 0.00625 0.01388888888888889
0 0.5018229166666667 0.2828703703703704 0.0046875 0.010185185185185186
0 0.5091145833333334 0.28194444444444444 0.0046875 0.01388888888888889
0 0.54765625 0.2837962962962963 0.0067708333333333336 0.015740740740740743
0 0.5807291666666666 0.28703703703703703 0.005208333333333333 0.012962962962962964
0 0.5880208333333333 0.28611111111111115 0.00625 0.014814814814814815
0 0.6036458333333333 0.2888888888888889 0.004166666666666667 0.011111111111111112
0 0.6223958333333334 0.2888888888888889 0.00625 0.011111111111111112
0 0.7361979166666667 0.2990740740740741 0.0036458333333333334 0.009259259259259259
0 0.7520833333333333 0.300462962962963 0.004166666666666667 0.010185185185185186
0 0.7596354166666667 0.300462962962963 0.0036458333333333334 0.010185185185185186
0 0.7690104166666667 0.3023148148148148 0.0046875 0.010185185185185186
0 0.7760416666666666 0.30185185185185187 0.004166666666666667 0.007407407407407408
0 0.7940104166666666 0.3023148148148148 0.0036458333333333334 0.008333333333333333
0 0.8109375 0.3055555555555556 0.004166666666666667 0.007407407407407408
