0 0.13541666666666666 0.25925925925925924 0.005208333333333333 0.014814814814814815
0 0.17109375 0.2625 0.0067708333333333336 0.019444444444444445
0 0.4192708333333333 0.28750000000000003 0.005208333333333333 0.006481481481481482
0 0.44296874999999997 0.2833333333333333 0.005729166666666666 0.016666666666666666
0 0.4731770833333333 0.28425925925925927 0.005729166666666666 0.014814814814814815
0 0.503125 0.287962962962963 0.004166666666666667 0.012962962962962964
0 0.5096354166666667 0.2884259259259259 0.005729166666666666 0.015740740740740743
0 0.5494791666666666 0.2925925925925926 0.00625 0.016666666666666666
0 0.5828125 0.2925925925925926 0.004166666666666667 0.014814814814814815
0 0.58984375 0.29212962962962963 0.005729166666666666 0.01388888888888889
0 0.6052083333333333 0.2972222222222222 0.005208333333333333 0.009259259259259259
0 0.6239583333333333 0.2953703703703704 0.005208333333333333 0.012962962962962964
0 0.7385416666666667 0.30648148148148147 0.004166666666666667 0.007407407407407408
0 0.75390625 0.3092592592592593 0.0046875 0.009259259259259259
0 0.76171875 0.30833333333333335 0.0036458333333333334 0.009259259259259259
0 0.7708333333333334 0.3087962962962963 0.005208333333333333 0.008333333333333333
0 0.778125 0.30833333333333335 0.004166666666666667 0.007407407407407408
0 0.7958333333333333 0.3106481481481482 0.003125 0.006481481481481482
0 0.8130208333333333 0.31342592592592594 0.004166666666666667 0.006481481481481482
