0 0.13723958333333333 0.25833333333333336 0.0046875 0.014814814814814815
0 0.1734375 0.2601851851851852 0.007291666666666667 0.020370370370370372
0 0.42135416666666664 0.2865740740740741 0.004166666666666667 0.006481481481481482
0 0.44505208333333335 0.28194444444444444 0.005729166666666666 0.017592592592592594
0 0.475 0.2847222222222222 0.00625 0.015740740740740743
0 0.50546875 0.287962962962963 0.0046875 0.016666666666666666
0 0.5122395833333333 0.287962962962963 0.005729166666666666 0.016666666666666666
0 0.5510416666666667 0.29212962962962963 0.00625 0.017592592592592594
0 0.5841145833333333 0.2935185185185185 0.0036458333333333334 0.014814814814814815
0 0.5916666666666667 0.2916666666666667 0.00625 0.016666666666666666
0 0.6072916666666667 0.2976851851851852 0.004166666666666667 0.008333333333333333
0 0.6263020833333334 0.2986111111111111 0.0046875 0.01388888888888889
0 0.740625 0.30833333333333335 0.004166666666666667 0.009259259259259259
0 0.75546875 0.3092592592592593 0.0046875 0.007407407407407408
0 0.7635416666666667 0.3106481481481482 0.004166666666666667 0.008333333333333333
0 0.7734375 0.3111111111111111 0.00625 0.005555555555555556
0 0.7802083333333333 0.3106481481481482 0.003125 0.006481481481481482
0 0.7981770833333334 0.3111111111111111 0.0036458333333333334 0.005555555555555556
0 0.8156249999999999 0.3148148148148148 0.005208333333333333 0.007407407407407408
