0 0.043229166666666666 0.4412037037037037 0.004166666666666667 0.01388888888888889
0 0.12421875 0.4388888888888889 0.0046875 0.014814814814814815
0 0.14739583333333334 0.4342592592592593 0.00625 0.018518518518518517
0 0.425 0.41064814814814815 0.00625 0.017592592592592594
0 0.4557291666666667 0.4101851851851852 0.00625 0.014814814814814815
0 0.4825520833333333 0.40925925925925927 0.0046875 0.011111111111111112
0 0.48984374999999997 0.4078703703703704 0.0046875 0.012037037037037037
0 0.5328125 0.4046296296296297 0.007291666666666667 0.018518518518518517
0 0.5638020833333334 0.4013888888888889 0.0078125 0.019444444444444445
0 0.584375 0.40092592592592596 0.005208333333333333 0.012962962962962964
0 0.6015625 0.4013888888888889 0.004166666666666667 0.012037037037037037
0 0.7153645833333333 0.3907407407407408 0.0046875 0.009259259259259259
0 0.7315104166666666 0.3912037037037037 0.0046875 0.006481481481481482
0 0.7377604166666667 0.38842592592592595 0.0036458333333333334 0.008333333333333333
0 0.74609375 0.3902777777777778 0.0067708333333333336 0.006481481481481482
0 0.7541666666666667 0.38796296296296295 0.005208333333333333 0.007407407407407408
0 0.7697916666666667 0.3875 0.004166666666666667 0.008333333333333333
0 0.78671875 0.3875 0.0046875 0.006481481481481482
