0 0.7424479166666667 0.3194444444444445 0.0036458333333333334 0.007407407407407408
0 0.75703125 0.32083333333333336 0.0036458333333333334 0.006481481481481482
0 0.765625 0.3212962962962963 0.004166666666666667 0.007407407407407408
0 0.77421875 0.32222222222222224 0.0067708333333333336 0.007407407407407408
0 0.78203125 0.32175925925925924 0.0036458333333333334 0.008333333333333333
0 0.7997395833333333 0.32175925925925924 0.0036458333333333334 0.008333333333333333
0 0.8177083333333334 0.3263888888888889 0.003125 0.004629629629629629
0 0.553125 0.3027777777777778 0.00625 0.014814814814814815
0 0.5861979166666667 0.3041666666666667 0.005729166666666666 0.01388888888888889
0 0.5934895833333333 0.30324074074074076 0.005729166666666666 0.015740740740740743
0 0.6091145833333333 0.3092592592592593 0.0046875 0.009259259259259259
0 0.6276041666666666 0.3087962962962963 0.005208333333333333 0.012037037037037037
0 0.4473958333333333 0.2916666666666667 0.00625 0.016666666666666666
0 0.4778645833333333 0.29583333333333334 0.005729166666666666 0.017592592592592594
0 0.5072916666666667 0.2990740740740741 0.005208333333333333 0.012962962962962964
0 0.5140625 0.300462962962963 0.00625 0.01388888888888889
0 0.42343749999999997 0.2967592592592593 0.004166666666666667 0.006481481481481482
0 0.13958333333333334 0.2689814814814815 0.00625 0.015740740740740743
0 0.1765625 0.27037037037037037 0.007291666666666667 0.020370370370370372
