0 0.14322916666666666 0.28935185185185186 0.00625 0.015740740740740743
0 0.1796875 0.29120370370370374 0.007291666666666667 0.019444444444444445
0 0.42604166666666665 0.31712962962962965 0.00625 0.006481481481481482
0 0.44895833333333335 0.3087962962962963 0.00625 0.021296296296296296
0 0.47994791666666664 0.3148148148148148 0.005729166666666666 0.016666666666666666
0 0.5091145833333334 0.31666666666666665 0.0046875 0.014814814814814815
0 0.51640625 0.3162037037037037 0.005729166666666666 0.015740740740740743
0 0.5546875 0.3189814814814815 0.00625 0.015740740740740743
0 0.5877604166666667 0.3212962962962963 0.0046875 0.012962962962962964
0 0.5958333333333333 0.3212962962962963 0.005208333333333333 0.014814814814814815
0 0.6299479166666666 0.32731481481481484 0.0036458333333333334 0.010185185185185186
0 0.6104166666666666 0.32546296296296295 0.004166666666666667 0.008333333333333333
0 0.7442708333333333 0.33611111111111114 0.004166666666666667 0.007407407407407408
0 0.7604166666666666 0.3375 0.004166666666666667 0.008333333333333333
0 0.7682291666666666 0.337037037037037 0.003125 0.007407407407407408
0 0.7765625 0.3375 0.00625 0.008333333333333333
0 0.7838541666666666 0.337037037037037 0.004166666666666667 0.007407407407407408
0 0.8015625 0.33842592592592596 0.004166666666666667 0.008333333333333333
0 0.8195312499999999 0.34305555555555556 0.0026041666666666665 0.006481481481481482
