0 0.14557291666666666 0.2949074074074074 0.008854166666666666 0.02314814814814815
0 0.18229166666666666 0.2976851851851852 0.008333333333333333 0.025
0 0.45078124999999997 0.31712962962962965 0.008854166666666666 0.019444444444444445
0 0.4825520833333333 0.3199074074074074 0.011979166666666666 0.021296296296296296
0 0.5119791666666667 0.32453703703703707 0.007291666666666667 0.021296296296296296
0 0.5192708333333333 0.32453703703703707 0.008333333333333333 0.017592592592592594
0 0.5572916666666666 0.3277777777777778 0.008333333333333333 0.022222222222222223
0 0.5901041666666667 0.32731481481481484 0.007291666666666667 0.021296296296296296
0 0.6002604166666666 0.32731481481481484 0.009895833333333333 0.019444444444444445
0 0.6135416666666667 0.33194444444444443 0.005208333333333333 0.015740740740740743
0 0.6338541666666666 0.33425925925925926 0.007291666666666667 0.018518518518518517
0 0.7473958333333334 0.3425925925925926 0.004166666666666667 0.018518518518518517
0 0.7622395833333333 0.34490740740740744 0.0046875 0.012037037037037037
0 0.7700520833333333 0.3439814814814815 0.005729166666666666 0.01388888888888889
0 0.7791666666666667 0.3462962962962963 0.009375 0.011111111111111112
0 0.78671875 0.3458333333333333 0.0036458333333333334 0.008333333333333333
0 0.8049479166666667 0.3462962962962963 0.005729166666666666 0.014814814814814815
