0 0.14895833333333333 0.3092592592592593 0.008333333333333333 0.022222222222222223
0 0.18541666666666667 0.3111111111111111 0.009375 0.020370370370370372
0 0.45286458333333335 0.33101851851851855 0.008854166666666666 0.025
0 0.48385416666666664 0.33333333333333337 0.010416666666666666 0.020370370370370372
0 0.5135416666666667 0.33564814814814814 0.005208333333333333 0.02314814814814815
0 0.5213541666666667 0.3365740740740741 0.00625 0.02314814814814815
0 0.559375 0.3402777777777778 0.009375 0.025
0 0.5921875 0.33842592592592596 0.00625 0.025
0 0.6015625 0.3375 0.008333333333333333 0.026851851851851852
0 0.6151041666666667 0.34490740740740744 0.007291666666666667 0.01388888888888889
0 0.6346354166666667 0.3476851851851852 0.0109375 0.015740740740740743
0 0.7486979166666666 0.35370370370370374 0.0078125 0.014814814814814815
0 0.7645833333333333 0.35694444444444445 0.00625 0.015740740740740743
0 0.771875 0.35555555555555557 0.00625 0.012962962962962964
0 0.78203125 0.35694444444444445 0.0067708333333333336 0.017592592592592594
0 0.7895833333333333 0.35833333333333334 0.004166666666666667 0.012962962962962964
0 0.8072916666666666 0.35694444444444445 0.009375 0.015740740740740743
