0 0.153125 0.34120370370370373 0.011458333333333333 0.021296296296296296
0 0.19036458333333334 0.3458333333333333 0.0109375 0.032407407407407406
0 0.4557291666666667 0.35555555555555557 0.009375 0.02777777777777778
0 0.4875 0.3601851851851852 0.009375 0.02962962962962963
0 0.5158854166666667 0.3611111111111111 0.0078125 0.02592592592592593
0 0.5239583333333333 0.36342592592592593 0.008333333333333333 0.02314814814814815
0 0.5619791666666667 0.3666666666666667 0.009375 0.02592592592592593
0 0.59296875 0.3648148148148148 0.0078125 0.024074074074074074
0 0.6015625 0.3666666666666667 0.009375 0.024074074074074074
0 0.6177083333333333 0.37083333333333335 0.007291666666666667 0.017592592592592594
0 0.6364583333333333 0.3712962962962963 0.007291666666666667 0.018518518518518517
0 0.7510416666666666 0.3787037037037037 0.00625 0.012962962962962964
0 0.7671875 0.37962962962962965 0.00625 0.016666666666666666
0 0.77421875 0.37962962962962965 0.0046875 0.012962962962962964
0 0.78359375 0.3819444444444445 0.0078125 0.015740740740740743
0 0.79140625 0.3819444444444445 0.0036458333333333334 0.01388888888888889
0 0.8091145833333333 0.38101851851851853 0.005729166666666666 0.012037037037037037
