0 0.057812499999999996 0.3462962962962963 0.010416666666666666 0.02777777777777778
0 0.08151041666666667 0.3458333333333333 0.0067708333333333336 0.021296296296296296
0 0.15494791666666666 0.3523148148148148 0.0109375 0.025
0 0.19270833333333334 0.3541666666666667 0.009375 0.026851851851851852
0 0.45807291666666666 0.3652777777777778 0.0109375 0.02314814814814815
0 0.4888020833333333 0.3689814814814815 0.008854166666666666 0.025
0 0.5182291666666666 0.3740740740740741 0.005208333333333333 0.018518518518518517
0 0.5265625 0.375462962962963 0.007291666666666667 0.02314814814814815
0 0.5640625 0.3768518518518519 0.011458333333333333 0.022222222222222223
0 0.596875 0.3763888888888889 0.00625 0.021296296296296296
0 0.6041666666666666 0.3763888888888889 0.008333333333333333 0.021296296296296296
0 0.6200520833333333 0.3800925925925926 0.0067708333333333336 0.019444444444444445
0 0.6395833333333333 0.3814814814814815 0.007291666666666667 0.012962962962962964
0 0.7536458333333333 0.3851851851851852 0.007291666666666667 0.018518518518518517
0 0.7692708333333333 0.3875 0.00625 0.017592592592592594
0 0.7770833333333333 0.38842592592592595 0.00625 0.012037037037037037
0 0.78671875 0.3912037037037037 0.0078125 0.01388888888888889
0 0.7947916666666667 0.3893518518518519 0.005208333333333333 0.01388888888888889
0 0.8117187499999999 0.3888888888888889 0.0067708333333333336 0.014814814814814815
