0 0.06328125 0.36712962962962964 0.011979166666666666 0.026851851851851852
0 0.08567708333333333 0.3685185185185185 0.009895833333333333 0.024074074074074074
0 0.15859375 0.3731481481481482 0.01614583333333333 0.02777777777777778
0 0.19479166666666667 0.36944444444444446 0.0125 0.03888888888888889
0 0.46015625 0.3819444444444445 0.008854166666666666 0.028703703703703703
0 0.4903645833333333 0.3851851851851852 0.008854166666666666 0.022222222222222223
0 0.5203125 0.3893518518518519 0.008333333333333333 0.017592592592592594
0 0.5283854166666666 0.3888888888888889 0.0067708333333333336 0.018518518518518517
0 0.5653645833333333 0.38842592592592595 0.008854166666666666 0.02314814814814815
0 0.5981770833333333 0.3893518518518519 0.0067708333333333336 0.021296296296296296
0 0.6072916666666667 0.3893518518518519 0.008333333333333333 0.019444444444444445
0 0.62109375 0.39305555555555555 0.005729166666666666 0.015740740740740743
0 0.6411458333333333 0.39537037037037037 0.007291666666666667 0.018518518518518517
0 0.7559895833333333 0.4 0.005729166666666666 0.014814814814814815
0 0.77109375 0.4013888888888889 0.005729166666666666 0.01388888888888889
0 0.7783854166666666 0.4013888888888889 0.005729166666666666 0.012037037037037037
0 0.7888020833333333 0.4027777777777778 0.0078125 0.014814814814814815
0 0.79609375 0.40092592592592596 0.0046875 0.012962962962962964
0 0.8140625 0.40046296296296297 0.00625 0.012037037037037037
