0 0.06536458333333334 0.3990740740740741 0.0109375 0.022222222222222223
0 0.08776041666666666 0.39861111111111114 0.008854166666666666 0.019444444444444445
0 0.16067708333333333 0.40370370370370373 0.009895833333333333 0.022222222222222223
0 0.19791666666666666 0.4027777777777778 0.008333333333333333 0.02592592592592593
0 0.4630208333333333 0.41064814814814815 0.007291666666666667 0.025
0 0.49296875 0.4101851851851852 0.0078125 0.020370370370370372
0 0.5234375 0.41250000000000003 0.007291666666666667 0.021296296296296296
0 0.5307291666666667 0.4138888888888889 0.007291666666666667 0.024074074074074074
0 0.56796875 0.41481481481481486 0.0078125 0.020370370370370372
0 0.6013020833333333 0.41481481481481486 0.0067708333333333336 0.020370370370370372
0 0.6088541666666667 0.4138888888888889 0.007291666666666667 0.020370370370370372
0 0.6236979166666666 0.4175925925925926 0.005729166666666666 0.016666666666666666
0 0.6427083333333333 0.41944444444444445 0.008333333333333333 0.016666666666666666
0 0.75703125 0.4217592592592593 0.0078125 0.012037037037037037
0 0.7736979166666667 0.42314814814814816 0.005729166666666666 0.012962962962962964
0 0.7815104166666667 0.4240740740740741 0.0046875 0.012962962962962964
0 0.7903645833333334 0.42453703703703705 0.008854166666666666 0.01388888888888889
0 0.7979166666666666 0.42453703703703705 0.005208333333333333 0.010185185185185186
0 0.8158854166666667 0.4236111111111111 0.0067708333333333336 0.01388888888888889
