0 0.06744791666666666 0.4203703703703704 0.0140625 0.022222222222222223
0 0.09166666666666666 0.4189814814814815 0.00625 0.017592592592592594
0 0.16328125 0.4236111111111111 0.008854166666666666 0.021296296296296296
0 0.20182291666666666 0.42129629629629634 0.008854166666666666 0.022222222222222223
0 0.46510416666666665 0.425 0.00625 0.02592592592592593
0 0.49557291666666664 0.4273148148148148 0.0067708333333333336 0.02314814814814815
0 0.5255208333333333 0.42824074074074076 0.005208333333333333 0.019444444444444445
0 0.53359375 0.4277777777777778 0.009895833333333333 0.022222222222222223
0 0.5705729166666667 0.4300925925925926 0.009895833333333333 0.021296296296296296
0 0.60390625 0.42685185185185187 0.0078125 0.022222222222222223
0 0.6119791666666666 0.42824074074074076 0.00625 0.02314814814814815
0 0.6265625 0.4314814814814815 0.00625 0.014814814814814815
0 0.6458333333333334 0.4310185185185185 0.007291666666666667 0.019444444444444445
0 0.7604166666666666 0.4342592592592593 0.007291666666666667 0.011111111111111112
0 0.7765625 0.4356481481481482 0.00625 0.015740740740740743
0 0.7833333333333333 0.4351851851851852 0.005208333333333333 0.011111111111111112
0 0.7942708333333334 0.4351851851851852 0.007291666666666667 0.011111111111111112
0 0.8015625 0.4342592592592593 0.00625 0.012962962962962964
0 0.8192708333333333 0.43472222222222223 0.004166666666666667 0.012037037037037037
