0 0.07161458333333333 0.4388888888888889 0.009895833333333333 0.02777777777777778
0 0.09375 0.4398148148148148 0.007291666666666667 0.020370370370370372
0 0.16666666666666666 0.4425925925925926 0.008333333333333333 0.020370370370370372
0 0.2046875 0.4388888888888889 0.008333333333333333 0.022222222222222223
0 0.4671875 0.4416666666666667 0.009375 0.020370370370370372
0 0.4979166666666667 0.44027777777777777 0.009375 0.017592592592592594
0 0.5276041666666667 0.4412037037037037 0.004166666666666667 0.019444444444444445
0 0.5364583333333334 0.44212962962962965 0.009375 0.017592592592592594
0 0.5723958333333333 0.4416666666666667 0.008333333333333333 0.020370370370370372
0 0.60546875 0.4416666666666667 0.0078125 0.018518518518518517
0 0.61484375 0.43842592592592594 0.0067708333333333336 0.021296296296296296
0 0.628125 0.44351851851851853 0.007291666666666667 0.014814814814814815
0 0.6481770833333333 0.4439814814814815 0.0078125 0.025
0 0.76328125 0.4439814814814815 0.0046875 0.01388888888888889
0 0.7791666666666667 0.44351851851851853 0.00625 0.018518518518518517
0 0.7869791666666667 0.4430555555555556 0.004166666666666667 0.01388888888888889
0 0.7966145833333333 0.4439814814814815 0.0078125 0.017592592592592594
0 0.8044270833333333 0.4449074074074074 0.0046875 0.01388888888888889
0 0.8216145833333334 0.44351851851851853 0.005729166666666666 0.007407407407407408
