0 0.04348958333333333 0.4550925925925926 0.0046875 0.01388888888888889
0 0.125 0.4513888888888889 0.005208333333333333 0.01388888888888889
0 0.14817708333333332 0.44722222222222224 0.0067708333333333336 0.020370370370370372
0 0.42604166666666665 0.4222222222222222 0.00625 0.016666666666666666
0 0.45625 0.4236111111111111 0.00625 0.012037037037037037
0 0.4830729166666667 0.42083333333333334 0.0036458333333333334 0.010185185185185186
0 0.490625 0.41944444444444445 0.004166666666666667 0.012962962962962964
0 0.5333333333333333 0.41481481481481486 0.007291666666666667 0.016666666666666666
0 0.5638020833333334 0.4101851851851852 0.008854166666666666 0.018518518518518517
0 0.5848958333333333 0.41064814814814815 0.005208333333333333 0.012037037037037037
0 0.6018229166666667 0.4115740740740741 0.0046875 0.010185185185185186
0 0.7158854166666666 0.40092592592592596 0.0036458333333333334 0.009259259259259259
0 0.73203125 0.40046296296296297 0.0036458333333333334 0.006481481481481482
0 0.73828125 0.3990740740740741 0.0036458333333333334 0.007407407407407408
0 0.7466145833333333 0.3990740740740741 0.0067708333333333336 0.007407407407407408
0 0.7541666666666667 0.3962962962962963 0.004166666666666667 0.007407407407407408
0 0.7700520833333333 0.39583333333333337 0.0036458333333333334 0.006481481481481482
0 0.78671875 0.39675925925925926 0.0046875 0.004629629629629629
