0 0.075 0.4726851851851852 0.010416666666666666 0.02314814814814815
0 0.09817708333333333 0.4712962962962963 0.005729166666666666 0.022222222222222223
0 0.16927083333333334 0.4712962962962963 0.008333333333333333 0.022222222222222223
0 0.20833333333333334 0.46851851851851856 0.008333333333333333 0.024074074074074074
0 0.4700520833333333 0.46435185185185185 0.0067708333333333336 0.025
0 0.49921875 0.4652777777777778 0.0078125 0.019444444444444445
0 0.5299479166666666 0.46481481481481485 0.0067708333333333336 0.018518518518518517
0 0.5390625 0.4671296296296297 0.008333333333333333 0.019444444444444445
0 0.575 0.46574074074074073 0.008333333333333333 0.022222222222222223
0 0.6091145833333333 0.46435185185185185 0.0078125 0.017592592592592594
0 0.6169270833333333 0.46342592592592596 0.0067708333333333336 0.017592592592592594
0 0.63203125 0.4652777777777778 0.0067708333333333336 0.019444444444444445
0 0.6510416666666666 0.4666666666666667 0.007291666666666667 0.016666666666666666
0 0.7661458333333333 0.46342592592592596 0.007291666666666667 0.010185185185185186
0 0.78203125 0.46481481481481485 0.005729166666666666 0.012962962962962964
0 0.7890625 0.4652777777777778 0.00625 0.012037037037037037
0 0.7994791666666666 0.46481481481481485 0.00625 0.012962962962962964
0 0.8067708333333333 0.46296296296296297 0.004166666666666667 0.012962962962962964
0 0.8247395833333333 0.46296296296296297 0.005729166666666666 0.011111111111111112
0 0.04192708333333333 0.4708333333333333 0.005729166666666666 0.010185185185185186
