0 0.07942708333333333 0.4949074074074074 0.009895833333333333 0.021296296296296296
0 0.1015625 0.4962962962962963 0.005208333333333333 0.018518518518518517
0 0.17265625 0.4935185185185185 0.008854166666666666 0.020370370370370372
0 0.21145833333333333 0.4902777777777778 0.008333333333333333 0.02314814814814815
0 0.47291666666666665 0.4814814814814815 0.008333333333333333 0.02592592592592593
0 0.5020833333333333 0.48055555555555557 0.007291666666666667 0.020370370370370372
0 0.53359375 0.4800925925925926 0.005729166666666666 0.019444444444444445
0 0.54140625 0.4814814814814815 0.0078125 0.020370370370370372
0 0.578125 0.47962962962962963 0.008333333333333333 0.022222222222222223
0 0.6114583333333333 0.47962962962962963 0.00625 0.016666666666666666
0 0.6192708333333333 0.4763888888888889 0.007291666666666667 0.017592592592592594
0 0.634375 0.47731481481481486 0.007291666666666667 0.017592592592592594
0 0.6544270833333333 0.47870370370370374 0.0067708333333333336 0.018518518518518517
0 0.76953125 0.4740740740740741 0.0067708333333333336 0.012962962962962964
0 0.7854166666666667 0.47453703703703703 0.00625 0.01388888888888889
0 0.79296875 0.47500000000000003 0.005729166666666666 0.012962962962962964
0 0.803125 0.47500000000000003 0.007291666666666667 0.011111111111111112
0 0.8096354166666666 0.4740740740740741 0.0046875 0.012962962962962964
0 0.828125 0.47314814814814815 0.00625 0.011111111111111112
0 0.04609375 0.4949074074074074 0.0078125 0.008333333333333333
