0 0.08255208333333333 0.5106481481481482 0.008854166666666666 0.021296296296296296
0 0.10520833333333333 0.5078703703703704 0.005208333333333333 0.017592592592592594
0 0.17552083333333332 0.5069444444444444 0.008333333333333333 0.019444444444444445
0 0.21510416666666665 0.5046296296296297 0.009375 0.022222222222222223
0 0.4739583333333333 0.48935185185185187 0.009375 0.026851851851851852
0 0.5052083333333334 0.4912037037037037 0.008333333333333333 0.019444444444444445
0 0.53515625 0.48935185185185187 0.0078125 0.021296296296296296
0 0.54375 0.48935185185185187 0.00625 0.019444444444444445
0 0.5802083333333333 0.4865740740740741 0.008333333333333333 0.021296296296296296
0 0.61328125 0.4847222222222222 0.008854166666666666 0.017592592592592594
0 0.6221354166666666 0.48240740740740745 0.005729166666666666 0.018518518518518517
0 0.63671875 0.48379629629629634 0.0067708333333333336 0.01388888888888889
0 0.65703125 0.48564814814814816 0.0078125 0.015740740740740743
0 0.7716145833333333 0.47870370370370374 0.0067708333333333336 0.014814814814814815
0 0.7875 0.47870370370370374 0.005208333333333333 0.011111111111111112
0 0.7950520833333333 0.47824074074074074 0.0046875 0.008333333333333333
0 0.8052083333333333 0.47870370370370374 0.007291666666666667 0.009259259259259259
0 0.8127604166666667 0.4777777777777778 0.0036458333333333334 0.009259259259259259
0 0.8309895833333333 0.4759259259259259 0.005729166666666666 0.009259259259259259
0 0.05078125 0.5097222222222222 0.0067708333333333336 0.012037037037037037
