0 0.08541666666666667 0.5416666666666667 0.009375 0.022222222222222223
0 0.10885416666666667 0.5393518518518519 0.004166666666666667 0.015740740740740743
0 0.178125 0.5361111111111111 0.007291666666666667 0.020370370370370372
0 0.21848958333333332 0.5310185185185186 0.008854166666666666 0.025
0 0.47812499999999997 0.512962962962963 0.008333333333333333 0.022222222222222223
0 0.5080729166666667 0.5115740740740741 0.0078125 0.017592592592592594
0 0.5388020833333333 0.5083333333333333 0.005729166666666666 0.018518518518518517
0 0.5466145833333333 0.5106481481481482 0.0078125 0.017592592592592594
0 0.5825520833333333 0.5041666666666667 0.008854166666666666 0.025
0 0.6158854166666666 0.5027777777777778 0.0078125 0.018518518518518517
0 0.6247395833333333 0.5032407407407408 0.005729166666666666 0.017592592592592594
0 0.6395833333333333 0.5032407407407408 0.00625 0.015740740740740743
0 0.6596354166666667 0.5018518518518519 0.0067708333333333336 0.018518518518518517
0 0.7744791666666666 0.4939814814814815 0.00625 0.010185185185185186
0 0.7903645833333334 0.4939814814814815 0.0067708333333333336 0.012037037037037037
0 0.79765625 0.4935185185185185 0.005729166666666666 0.009259259259259259
0 0.8083333333333333 0.4939814814814815 0.007291666666666667 0.010185185185185186
0 0.8156249999999999 0.4916666666666667 0.004166666666666667 0.011111111111111112
0 0.8341145833333333 0.49074074074074076 0.005729166666666666 0.009259259259259259
0 0.053906249999999996 0.5421296296296296 0.0036458333333333334 0.012037037037037037
