0 0.05755208333333333 0.5625 0.005729166666666666 0.008333333333333333
0 0.08958333333333333 0.562962962962963 0.009375 0.022222222222222223
0 0.11171874999999999 0.5578703703703703 0.0046875 0.015740740740740743
0 0.18203125 0.5550925925925926 0.0078125 0.017592592592592594
0 0.22213541666666667 0.549074074074074 0.008854166666666666 0.024074074074074074
0 0.47994791666666664 0.525 0.008854166666666666 0.024074074074074074
0 0.5109375 0.525 0.011458333333333333 0.016666666666666666
0 0.5416666666666666 0.5212962962962964 0.00625 0.014814814814814815
0 0.5497395833333333 0.5226851851851853 0.0078125 0.015740740740740743
0 0.5856770833333333 0.5185185185185185 0.0078125 0.018518518518518517
0 0.6200520833333333 0.512962962962963 0.0067708333333333336 0.018518518518518517
0 0.62734375 0.5125000000000001 0.0067708333333333336 0.015740740740740743
0 0.6432291666666666 0.5120370370370371 0.00625 0.014814814814814815
0 0.66171875 0.5120370370370371 0.0067708333333333336 0.016666666666666666
0 0.7778645833333333 0.5018518518518519 0.005729166666666666 0.011111111111111112
0 0.7934895833333333 0.5013888888888889 0.0046875 0.012037037037037037
0 0.8015625 0.5 0.005208333333333333 0.009259259259259259
0 0.8114583333333333 0.5 0.007291666666666667 0.011111111111111112
0 0.8182291666666667 0.4986111111111111 0.00625 0.008333333333333333
0 0.8372395833333334 0.4967592592592593 0.005729166666666666 0.012037037037037037
