0 0.061718749999999996 0.5726851851851852 0.0046875 0.010185185185185186
0 0.09322916666666667 0.5726851851851852 0.008333333333333333 0.017592592592592594
0 0.11458333333333333 0.5671296296296297 0.005208333333333333 0.015740740740740743
0 0.18567708333333333 0.5620370370370371 0.005729166666666666 0.018518518518518517
0 0.22578125 0.5555555555555556 0.008854166666666666 0.024074074074074074
0 0.4828125 0.5287037037037037 0.007291666666666667 0.020370370370370372
0 0.5135416666666667 0.5259259259259259 0.007291666666666667 0.016666666666666666
0 0.5442708333333334 0.5240740740740741 0.00625 0.016666666666666666
0 0.5520833333333334 0.5236111111111111 0.007291666666666667 0.015740740740740743
0 0.5875 0.5185185185185185 0.00625 0.018518518518518517
0 0.62265625 0.512962962962963 0.005729166666666666 0.016666666666666666
0 0.6299479166666666 0.5120370370370371 0.0046875 0.016666666666666666
0 0.6447916666666667 0.5125000000000001 0.005208333333333333 0.015740740740740743
0 0.66484375 0.512962962962963 0.0078125 0.016666666666666666
0 0.7802083333333333 0.5013888888888889 0.00625 0.008333333333333333
0 0.7966145833333333 0.500925925925926 0.005729166666666666 0.007407407407407408
0 0.8044270833333333 0.49953703703703706 0.0046875 0.008333333333333333
0 0.8151041666666666 0.4981481481481482 0.007291666666666667 0.009259259259259259
0 0.8213541666666666 0.4949074074074074 0.005208333333333333 0.010185185185185186
0 0.8401041666666667 0.49444444444444446 0.00625 0.011111111111111112
