0 0.06354166666666666 0.5990740740740741 0.004166666666666667 0.011111111111111112
0 0.09609375 0.5962962962962963 0.008854166666666666 0.024074074074074074
0 0.11901041666666666 0.5925925925925926 0.0078125 0.016666666666666666
0 0.1875 0.5851851851851853 0.00625 0.016666666666666666
0 0.22760416666666666 0.5787037037037037 0.009375 0.02592592592592593
0 0.48671875 0.5439814814814815 0.008854166666666666 0.02314814814814815
0 0.5158854166666667 0.5430555555555556 0.0078125 0.019444444444444445
0 0.54609375 0.5388888888888889 0.0067708333333333336 0.018518518518518517
0 0.5546875 0.5398148148148149 0.008333333333333333 0.016666666666666666
0 0.58984375 0.5342592592592593 0.008854166666666666 0.022222222222222223
0 0.62421875 0.5291666666666667 0.0067708333333333336 0.017592592592592594
0 0.6333333333333333 0.5273148148148148 0.007291666666666667 0.021296296296296296
0 0.6473958333333333 0.5263888888888889 0.005208333333333333 0.015740740740740743
0 0.6677083333333333 0.5259259259259259 0.007291666666666667 0.012962962962962964
0 0.7833333333333333 0.5111111111111112 0.005208333333333333 0.011111111111111112
0 0.7989583333333333 0.5097222222222222 0.00625 0.012037037037037037
0 0.80703125 0.5078703703703704 0.0046875 0.010185185185185186
0 0.8169270833333333 0.5069444444444444 0.005729166666666666 0.01388888888888889
0 0.8236979166666667 0.5055555555555555 0.0046875 0.012962962962962964
0 0.8432291666666667 0.5032407407407408 0.004166666666666667 0.010185185185185186
