0 0.0671875 0.6138888888888889 0.004166666666666667 0.007407407407407408
0 0.09895833333333333 0.6129629629629629 0.007291666666666667 0.018518518518518517
0 0.12161458333333333 0.6074074074074074 0.0046875 0.016666666666666666
0 0.19036458333333334 0.5986111111111111 0.005729166666666666 0.019444444444444445
0 0.23046875 0.5907407407407408 0.008854166666666666 0.02592592592592593
0 0.48776041666666664 0.5537037037037037 0.008854166666666666 0.022222222222222223
0 0.5177083333333333 0.5504629629629629 0.008333333333333333 0.015740740740740743
0 0.5484375 0.5481481481481482 0.007291666666666667 0.014814814814814815
0 0.55703125 0.5481481481481482 0.0078125 0.014814814814814815
0 0.5927083333333333 0.5430555555555556 0.007291666666666667 0.019444444444444445
0 0.6268229166666667 0.5347222222222222 0.0078125 0.019444444444444445
0 0.63515625 0.5324074074074074 0.0067708333333333336 0.016666666666666666
0 0.6502604166666667 0.5324074074074074 0.0078125 0.014814814814814815
0 0.6705729166666666 0.5314814814814816 0.0078125 0.016666666666666666
0 0.7861979166666666 0.5148148148148148 0.0067708333333333336 0.014814814814814815
0 0.8015625 0.513888888888889 0.004166666666666667 0.011111111111111112
0 0.8106770833333333 0.5115740740740741 0.0046875 0.010185185185185186
0 0.8200520833333333 0.5115740740740741 0.0067708333333333336 0.010185185185185186
0 0.8268229166666666 0.5101851851851852 0.0046875 0.009259259259259259
0 0.84609375 0.5074074074074074 0.0046875 0.011111111111111112
