0 0.07109375 0.6185185185185186 0.0046875 0.007407407407407408
0 0.10338541666666666 0.6194444444444445 0.0078125 0.014814814814814815
0 0.12447916666666667 0.6111111111111112 0.005208333333333333 0.012962962962962964
0 0.19322916666666667 0.6023148148148149 0.005208333333333333 0.01388888888888889
0 0.23333333333333334 0.5925925925925926 0.00625 0.022222222222222223
0 0.4901041666666667 0.5518518518518519 0.008333333333333333 0.022222222222222223
0 0.5205729166666666 0.5486111111111112 0.008854166666666666 0.021296296296296296
0 0.5510416666666667 0.5462962962962963 0.00625 0.011111111111111112
0 0.5588541666666667 0.5449074074074074 0.007291666666666667 0.015740740740740743
0 0.5940104166666667 0.538425925925926 0.008854166666666666 0.015740740740740743
0 0.6302083333333334 0.5324074074074074 0.007291666666666667 0.016666666666666666
0 0.6377604166666666 0.5300925925925926 0.0067708333333333336 0.017592592592592594
0 0.65234375 0.5291666666666667 0.0067708333333333336 0.01388888888888889
0 0.6729166666666666 0.5268518518518519 0.008333333333333333 0.014814814814814815
0 0.7875 0.5092592592592593 0.007291666666666667 0.009259259259259259
0 0.8046875 0.5087962962962963 0.005208333333333333 0.010185185185185186
0 0.8119791666666667 0.5050925925925926 0.004166666666666667 0.010185185185185186
0 0.8221354166666667 0.5060185185185185 0.008854166666666666 0.008333333333333333
0 0.8294270833333334 0.5032407407407408 0.0046875 0.008333333333333333
0 0.8479166666666667 0.500462962962963 0.00625 0.008333333333333333
