0 0.07421875 0.6328703703703704 0.005729166666666666 0.010185185185185186
0 0.1046875 0.6333333333333333 0.00625 0.016666666666666666
0 0.12734375 0.6240740740740741 0.0046875 0.014814814814814815
0 0.19583333333333333 0.6157407407407408 0.007291666666666667 0.014814814814814815
0 0.2359375 0.6050925925925926 0.007291666666666667 0.02314814814814815
0 0.49192708333333335 0.5601851851851852 0.008854166666666666 0.024074074074074074
0 0.5216145833333333 0.5550925925925926 0.008854166666666666 0.015740740740740743
0 0.553125 0.5518518518518519 0.00625 0.016666666666666666
0 0.5609375 0.55 0.00625 0.012962962962962964
0 0.5958333333333333 0.5449074074074074 0.008333333333333333 0.015740740740740743
0 0.63125 0.5370370370370371 0.00625 0.014814814814814815
0 0.6395833333333333 0.5333333333333333 0.00625 0.016666666666666666
0 0.6546875 0.5319444444444444 0.00625 0.015740740740740743
0 0.6747395833333333 0.5300925925925926 0.0067708333333333336 0.015740740740740743
0 0.7903645833333334 0.5115740740740741 0.005729166666666666 0.010185185185185186
0 0.8057291666666666 0.5097222222222222 0.005208333333333333 0.010185185185185186
0 0.8135416666666666 0.5064814814814815 0.005208333333333333 0.011111111111111112
0 0.8236979166666667 0.5074074074074074 0.0078125 0.009259259259259259
0 0.8309895833333333 0.5055555555555555 0.005729166666666666 0.007407407407407408
0 0.85 0.5018518518518519 0.00625 0.009259259259259259
