0 0.04453125 0.4800925925925926 0.0046875 0.012037037037037037
0 0.12578125 0.47685185185185186 0.0046875 0.016666666666666666
0 0.14973958333333334 0.47314814814814815 0.0067708333333333336 0.022222222222222223
0 0.4265625 0.4467592592592593 0.005208333333333333 0.01388888888888889
0 0.45703125 0.44537037037037036 0.005729166666666666 0.016666666666666666
0 0.48359375 0.4439814814814815 0.0036458333333333334 0.012037037037037037
0 0.49114583333333334 0.4430555555555556 0.004166666666666667 0.01388888888888889
0 0.534375 0.4388888888888889 0.007291666666666667 0.016666666666666666
0 0.5653645833333333 0.4342592592592593 0.0067708333333333336 0.016666666666666666
0 0.5854166666666667 0.43333333333333335 0.005208333333333333 0.011111111111111112
0 0.6026041666666666 0.4328703703703704 0.004166666666666667 0.01388888888888889
0 0.71640625 0.4240740740740741 0.0036458333333333334 0.009259259259259259
0 0.7322916666666667 0.42314814814814816 0.004166666666666667 0.007407407407407408
0 0.7390625 0.42083333333333334 0.004166666666666667 0.008333333333333333
0 0.7471354166666666 0.4222222222222222 0.005729166666666666 0.007407407407407408
0 0.7552083333333334 0.4199074074074074 0.004166666666666667 0.008333333333333333
0 0.7703125 0.4189814814814815 0.004166666666666667 0.008333333333333333
0 0.7872395833333333 0.4185185185185185 0.0046875 0.007407407407407408
