0 0.07682291666666667 0.6430555555555556 0.005729166666666666 0.010185185185185186
0 0.10833333333333334 0.6435185185185185 0.00625 0.014814814814814815
0 0.13020833333333334 0.6337962962962963 0.00625 0.015740740740740743
0 0.19791666666666666 0.6236111111111111 0.007291666666666667 0.019444444444444445
0 0.23906249999999998 0.6157407407407408 0.007291666666666667 0.022222222222222223
0 0.4947916666666667 0.5671296296296297 0.008333333333333333 0.021296296296296296
0 0.5239583333333333 0.5601851851851852 0.007291666666666667 0.018518518518518517
0 0.5536458333333333 0.5546296296296297 0.007291666666666667 0.014814814814814815
0 0.56328125 0.5532407407407408 0.008854166666666666 0.017592592592592594
0 0.5984375 0.5476851851851852 0.008333333333333333 0.017592592592592594
0 0.6341145833333334 0.5407407407407407 0.005729166666666666 0.020370370370370372
0 0.6419270833333334 0.538425925925926 0.005729166666666666 0.017592592592592594
0 0.65703125 0.5351851851851852 0.0078125 0.016666666666666666
0 0.6765625 0.5351851851851852 0.007291666666666667 0.018518518518518517
0 0.7921875 0.5125000000000001 0.00625 0.01388888888888889
0 0.80859375 0.5106481481481482 0.005729166666666666 0.012037037037037037
0 0.8158854166666667 0.5092592592592593 0.0046875 0.011111111111111112
0 0.8268229166666666 0.5092592592592593 0.0078125 0.009259259259259259
0 0.8333333333333334 0.5069444444444444 0.00625 0.010185185185185186
0 0.8533854166666667 0.5027777777777778 0.005729166666666666 0.011111111111111112
