0 0.0796875 0.6393518518518518 0.005208333333333333 0.010185185185185186
0 0.109375 0.6375000000000001 0.007291666666666667 0.015740740740740743
0 0.13229166666666667 0.6291666666666667 0.00625 0.01388888888888889
0 0.19895833333333332 0.6199074074074075 0.00625 0.017592592592592594
0 0.24140625 0.6078703703703704 0.008854166666666666 0.02314814814814815
0 0.496875 0.5587962962962963 0.009375 0.026851851851851852
0 0.5265625 0.5527777777777778 0.009375 0.016666666666666666
0 0.5572916666666666 0.5481481481481482 0.00625 0.018518518518518517
0 0.5651041666666666 0.5467592592592593 0.008333333333333333 0.019444444444444445
0 0.5997395833333333 0.5393518518518519 0.008854166666666666 0.017592592592592594
0 0.6348958333333333 0.5296296296296297 0.008333333333333333 0.018518518518518517
0 0.6434895833333333 0.5296296296296297 0.0078125 0.018518518518518517
0 0.6591145833333333 0.5268518518518519 0.005729166666666666 0.016666666666666666
0 0.6783854166666666 0.5263888888888889 0.0067708333333333336 0.015740740740740743
0 0.79453125 0.5018518518518519 0.0067708333333333336 0.009259259259259259
0 0.81015625 0.4986111111111111 0.0046875 0.010185185185185186
0 0.8174479166666666 0.4967592592592593 0.0067708333333333336 0.010185185185185186
0 0.8283854166666667 0.49722222222222223 0.0067708333333333336 0.012962962962962964
0 0.8354166666666667 0.49444444444444446 0.005208333333333333 0.012962962962962964
0 0.8549479166666667 0.4898148148148148 0.0067708333333333336 0.014814814814814815
