0 0.08046875 0.6416666666666667 0.0046875 0.011111111111111112
0 0.11223958333333334 0.6425925925925926 0.0067708333333333336 0.012962962962962964
0 0.13489583333333333 0.6328703703703704 0.005208333333333333 0.01388888888888889
0 0.20130208333333333 0.6208333333333333 0.0067708333333333336 0.015740740740740743
0 0.24244791666666665 0.6092592592592593 0.0078125 0.024074074074074074
0 0.49765624999999997 0.5564814814814815 0.008854166666666666 0.024074074074074074
0 0.52734375 0.5518518518518519 0.008854166666666666 0.016666666666666666
0 0.5572916666666666 0.5453703703703704 0.00625 0.014814814814814815
0 0.565625 0.5444444444444445 0.007291666666666667 0.016666666666666666
0 0.60078125 0.5356481481481482 0.0078125 0.019444444444444445
0 0.63671875 0.5282407407407408 0.0067708333333333336 0.017592592592592594
0 0.6447916666666667 0.5263888888888889 0.007291666666666667 0.017592592592592594
0 0.6598958333333333 0.525 0.005208333333333333 0.012962962962962964
0 0.6794270833333333 0.5222222222222223 0.0067708333333333336 0.012962962962962964
0 0.7950520833333333 0.4967592592592593 0.0067708333333333336 0.010185185185185186
0 0.8111979166666666 0.4953703703703704 0.005729166666666666 0.007407407407407408
0 0.8192708333333333 0.4930555555555556 0.005208333333333333 0.008333333333333333
0 0.8294270833333334 0.4930555555555556 0.0078125 0.006481481481481482
0 0.8364583333333333 0.48935185185185187 0.005208333333333333 0.006481481481481482
0 0.8559895833333333 0.48379629629629634 0.0046875 0.010185185185185186
