0 0.08307291666666666 0.6467592592592593 0.0036458333333333334 0.008333333333333333
0 0.11354166666666667 0.6444444444444445 0.00625 0.011111111111111112
0 0.13541666666666666 0.6347222222222223 0.007291666666666667 0.01388888888888889
0 0.203125 0.625462962962963 0.007291666666666667 0.015740740740740743
0 0.24427083333333333 0.612037037037037 0.007291666666666667 0.022222222222222223
0 0.49895833333333334 0.5564814814814815 0.010416666666666666 0.02592592592592593
0 0.52890625 0.5513888888888889 0.008854166666666666 0.015740740740740743
0 0.5598958333333334 0.5462962962962963 0.00625 0.016666666666666666
0 0.5674479166666666 0.5435185185185185 0.0078125 0.016666666666666666
0 0.60234375 0.5356481481481482 0.0067708333333333336 0.015740740740740743
0 0.6375 0.5273148148148148 0.00625 0.01388888888888889
0 0.64609375 0.5263888888888889 0.0067708333333333336 0.015740740740740743
0 0.6609375 0.5240740740740741 0.00625 0.014814814814814815
0 0.6807291666666666 0.5203703703703704 0.007291666666666667 0.014814814814814815
0 0.7971354166666667 0.4953703703703704 0.0067708333333333336 0.011111111111111112
0 0.8125 0.4916666666666667 0.00625 0.009259259259259259
0 0.82109375 0.4912037037037037 0.0046875 0.008333333333333333
0 0.8312499999999999 0.49074074074074076 0.007291666666666667 0.007407407407407408
0 0.83828125 0.4865740740740741 0.0067708333333333336 0.008333333333333333
0 0.8578125 0.48333333333333334 0.005208333333333333 0.007407407407407408
