0 0.08489583333333334 0.6347222222222223 0.003125 0.010185185185185186
0 0.11562499999999999 0.6328703703703704 0.00625 0.012037037037037037
0 0.13671875 0.6212962962962963 0.005729166666666666 0.012962962962962964
0 0.20416666666666666 0.6106481481481482 0.008333333333333333 0.015740740740740743
0 0.24635416666666665 0.600925925925926 0.008333333333333333 0.022222222222222223
0 0.5013020833333334 0.5435185185185185 0.008854166666666666 0.022222222222222223
0 0.5294270833333333 0.5370370370370371 0.009895833333333333 0.018518518518518517
0 0.5606770833333333 0.5310185185185186 0.0067708333333333336 0.017592592592592594
0 0.56875 0.5310185185185186 0.007291666666666667 0.017592592592592594
0 0.6033854166666667 0.525 0.0078125 0.016666666666666666
0 0.6390625 0.5125000000000001 0.00625 0.015740740740740743
0 0.646875 0.5125000000000001 0.007291666666666667 0.017592592592592594
0 0.6622395833333333 0.5074074074074074 0.005729166666666666 0.016666666666666666
0 0.6830729166666667 0.5050925925925926 0.005729166666666666 0.017592592592592594
0 0.79765625 0.4800925925925926 0.005729166666666666 0.010185185185185186
0 0.8138020833333334 0.47824074074074074 0.005729166666666666 0.012037037037037037
0 0.8221354166666667 0.47685185185185186 0.005729166666666666 0.007407407407407408
0 0.83203125 0.475462962962963 0.0078125 0.008333333333333333
0 0.83984375 0.4726851851851852 0.005729166666666666 0.008333333333333333
0 0.8585937499999999 0.46805555555555556 0.005729166666666666 0.010185185185185186
