0 0.0859375 0.6240740740740741 0.004166666666666667 0.011111111111111112
0 0.11770833333333333 0.625925925925926 0.005208333333333333 0.012962962962962964
0 0.1375 0.6157407407407408 0.005208333333333333 0.012962962962962964
0 0.20598958333333334 0.6041666666666667 0.0067708333333333336 0.01388888888888889
0 0.24635416666666665 0.5916666666666667 0.008333333333333333 0.022222222222222223
0 0.50234375 0.5342592592592593 0.008854166666666666 0.024074074074074074
0 0.5307291666666667 0.525 0.00625 0.022222222222222223
0 0.5627604166666667 0.5217592592592593 0.0046875 0.01388888888888889
0 0.5692708333333333 0.5203703703703704 0.007291666666666667 0.012962962962962964
0 0.6033854166666667 0.5120370370370371 0.0067708333333333336 0.018518518518518517
0 0.6393229166666666 0.5027777777777778 0.0067708333333333336 0.018518518518518517
0 0.64765625 0.500462962962963 0.0067708333333333336 0.015740740740740743
0 0.6638020833333333 0.49722222222222223 0.0067708333333333336 0.012962962962962964
0 0.6833333333333333 0.49583333333333335 0.007291666666666667 0.01388888888888889
0 0.7989583333333333 0.46805555555555556 0.007291666666666667 0.010185185185185186
0 0.8145833333333333 0.4652777777777778 0.005208333333333333 0.008333333333333333
0 0.8223958333333333 0.4625 0.004166666666666667 0.008333333333333333
0 0.8328125 0.4620370370370371 0.008333333333333333 0.007407407407407408
0 0.8401041666666667 0.45925925925925926 0.00625 0.009259259259259259
0 0.859375 0.4537037037037037 0.00625 0.011111111111111112
