0 0.08697916666666666 0.6240740740740741 0.003125 0.009259259259259259
0 0.1171875 0.6203703703703703 0.005208333333333333 0.014814814814814815
0 0.13828125 0.611574074074074 0.0078125 0.01388888888888889
0 0.20520833333333333 0.5990740740740741 0.009375 0.016666666666666666
0 0.2484375 0.5865740740740741 0.008333333333333333 0.026851851851851852
0 0.50234375 0.5291666666666667 0.008854166666666666 0.025
0 0.5315104166666667 0.5226851851851853 0.009895833333333333 0.019444444444444445
0 0.5622395833333333 0.5152777777777778 0.0067708333333333336 0.015740740740740743
0 0.5705729166666667 0.5152777777777778 0.0078125 0.017592592592592594
0 0.6033854166666667 0.5064814814814815 0.008854166666666666 0.024074074074074074
0 0.63984375 0.4967592592592593 0.005729166666666666 0.017592592592592594
0 0.6489583333333333 0.4953703703703704 0.005208333333333333 0.018518518518518517
0 0.6630208333333333 0.4912037037037037 0.007291666666666667 0.017592592592592594
0 0.6846354166666666 0.48888888888888893 0.0078125 0.011111111111111112
0 0.7994791666666666 0.46296296296296297 0.005208333333333333 0.009259259259259259
0 0.8161458333333333 0.4587962962962963 0.005208333333333333 0.012037037037037037
0 0.8231770833333333 0.4564814814814815 0.0067708333333333336 0.011111111111111112
0 0.83359375 0.45601851851851855 0.0078125 0.010185185185185186
0 0.8419270833333333 0.4527777777777778 0.0046875 0.009259259259259259
0 0.8614583333333333 0.44907407407407407 0.00625 0.011111111111111112
