0 0.08854166666666667 0.6037037037037037 0.003125 0.007407407407407408
0 0.11848958333333333 0.6013888888888889 0.0046875 0.012037037037037037
0 0.14010416666666667 0.5939814814814816 0.00625 0.01388888888888889
0 0.20625 0.5805555555555556 0.007291666666666667 0.018518518518518517
0 0.2484375 0.5708333333333333 0.008333333333333333 0.02314814814814815
0 0.5028645833333333 0.5115740740740741 0.0078125 0.02314814814814815
0 0.5317708333333333 0.5041666666666667 0.008333333333333333 0.021296296296296296
0 0.5625 0.49722222222222223 0.007291666666666667 0.016666666666666666
0 0.5703125 0.49722222222222223 0.007291666666666667 0.016666666666666666
0 0.6044270833333333 0.4902777777777778 0.0078125 0.021296296296296296
0 0.6411458333333333 0.4777777777777778 0.00625 0.018518518518518517
0 0.6494791666666666 0.47870370370370374 0.00625 0.018518518518518517
0 0.6643229166666667 0.4759259259259259 0.005729166666666666 0.012962962962962964
0 0.6856770833333333 0.47314814814814815 0.005729166666666666 0.011111111111111112
0 0.8005208333333333 0.4444444444444445 0.00625 0.011111111111111112
0 0.8161458333333333 0.4439814814814815 0.00625 0.008333333333333333
0 0.82421875 0.4412037037037037 0.0067708333333333336 0.008333333333333333
0 0.8346354166666666 0.44027777777777777 0.0078125 0.008333333333333333
0 0.84140625 0.43703703703703706 0.005729166666666666 0.009259259259259259
0 0.86171875 0.4314814814814815 0.005729166666666666 0.009259259259259259
