0 0.08932291666666667 0.5842592592592593 0.0036458333333333334 0.005555555555555556
0 0.11927083333333333 0.5824074074074075 0.005208333333333333 0.012962962962962964
0 0.14010416666666667 0.5736111111111112 0.005208333333333333 0.012037037037037037
0 0.20703125 0.5611111111111111 0.0067708333333333336 0.014814814814814815
0 0.24921875 0.5504629629629629 0.0078125 0.021296296296296296
0 0.503125 0.4912037037037037 0.007291666666666667 0.02314814814814815
0 0.5315104166666667 0.4861111111111111 0.0078125 0.016666666666666666
0 0.5640625 0.47962962962962963 0.005208333333333333 0.016666666666666666
0 0.5708333333333333 0.4777777777777778 0.00625 0.014814814814814815
0 0.6049479166666667 0.4712962962962963 0.008854166666666666 0.018518518518518517
0 0.6416666666666666 0.4620370370370371 0.007291666666666667 0.018518518518518517
0 0.6497395833333334 0.45925925925925926 0.005729166666666666 0.016666666666666666
0 0.6651041666666666 0.45601851851851855 0.007291666666666667 0.01388888888888889
0 0.6854166666666667 0.45092592592592595 0.00625 0.018518518518518517
0 0.8002604166666667 0.42592592592592593 0.0078125 0.011111111111111112
0 0.8166666666666667 0.4240740740740741 0.00625 0.009259259259259259
0 0.8247395833333333 0.42129629629629634 0.0046875 0.007407407407407408
0 0.8359375 0.42129629629629634 0.008333333333333333 0.007407407407407408
0 0.8432291666666667 0.41944444444444445 0.005208333333333333 0.009259259259259259
0 0.8624999999999999 0.41203703703703703 0.007291666666666667 0.009259259259259259
