0 0.08932291666666667 0.5745370370370371 0.0046875 0.008333333333333333
0 0.11979166666666667 0.5722222222222223 0.00625 0.018518518518518517
0 0.14010416666666667 0.563425925925926 0.005208333333333333 0.01388888888888889
0 0.20703125 0.5513888888888889 0.0067708333333333336 0.017592592592592594
0 0.24895833333333334 0.5402777777777777 0.008333333333333333 0.02314814814814815
0 0.5033854166666667 0.48379629629629634 0.009895833333333333 0.019444444444444445
0 0.5328125 0.47731481481481486 0.010416666666666666 0.015740740740740743
0 0.5635416666666666 0.4712962962962963 0.005208333333333333 0.014814814814814815
0 0.5708333333333333 0.4689814814814815 0.008333333333333333 0.01388888888888889
0 0.6052083333333333 0.4615740740740741 0.008333333333333333 0.017592592592592594
0 0.6421875 0.45092592592592595 0.007291666666666667 0.018518518518518517
0 0.65 0.44953703703703707 0.00625 0.015740740740740743
0 0.665625 0.44583333333333336 0.00625 0.01388888888888889
0 0.6861979166666666 0.4444444444444445 0.0067708333333333336 0.009259259259259259
0 0.8018229166666666 0.4185185185185185 0.005729166666666666 0.009259259259259259
0 0.8182291666666667 0.41620370370370374 0.007291666666666667 0.010185185185185186
0 0.82578125 0.41435185185185186 0.005729166666666666 0.008333333333333333
0 0.8369791666666666 0.4115740740740741 0.008333333333333333 0.008333333333333333
0 0.84375 0.40925925925925927 0.005208333333333333 0.009259259259259259
0 0.86328125 0.4046296296296297 0.0067708333333333336 0.009259259259259259
