0 0.046614583333333334 0.48888888888888893 0.0046875 0.014814814814814815
0 0.12708333333333333 0.48379629629629634 0.005208333333333333 0.017592592592592594
0 0.15182291666666667 0.4810185185185185 0.0078125 0.019444444444444445
0 0.428125 0.45416666666666666 0.005208333333333333 0.017592592592592594
0 0.45807291666666666 0.45416666666666666 0.005729166666666666 0.01388888888888889
0 0.48515625 0.45231481481481484 0.0036458333333333334 0.008333333333333333
0 0.49244791666666665 0.44953703703703707 0.0046875 0.012037037037037037
0 0.5354166666666667 0.44537037037037036 0.00625 0.018518518518518517
0 0.56640625 0.4412037037037037 0.0067708333333333336 0.017592592592592594
0 0.5869791666666666 0.44074074074074077 0.00625 0.011111111111111112
0 0.60390625 0.4398148148148148 0.0046875 0.012962962962962964
0 0.71796875 0.4291666666666667 0.0036458333333333334 0.010185185185185186
0 0.73359375 0.42824074074074076 0.0046875 0.010185185185185186
0 0.7401041666666667 0.4277777777777778 0.005208333333333333 0.007407407407407408
0 0.7479166666666667 0.4291666666666667 0.005208333333333333 0.008333333333333333
0 0.7557291666666667 0.425462962962963 0.004166666666666667 0.008333333333333333
0 0.771875 0.425 0.004166666666666667 0.009259259259259259
0 0.78828125 0.425 0.0046875 0.007407407407407408
