0 0.09010416666666667 0.5509259259259259 0.004166666666666667 0.009259259259259259
0 0.12005208333333334 0.55 0.0067708333333333336 0.014814814814814815
0 0.140625 0.5421296296296296 0.005208333333333333 0.012037037037037037
0 0.20729166666666665 0.5287037037037037 0.005208333333333333 0.018518518518518517
0 0.25104166666666666 0.5194444444444445 0.008333333333333333 0.022222222222222223
0 0.5044270833333333 0.46296296296296297 0.009895833333333333 0.022222222222222223
0 0.5333333333333333 0.45555555555555555 0.00625 0.018518518518518517
0 0.5653645833333333 0.4481481481481482 0.0046875 0.018518518518518517
0 0.571875 0.44953703703703707 0.00625 0.017592592592592594
0 0.6049479166666667 0.44212962962962965 0.0078125 0.019444444444444445
0 0.64296875 0.4328703703703704 0.005729166666666666 0.017592592592592594
0 0.65078125 0.4310185185185185 0.0067708333333333336 0.015740740740740743
0 0.66640625 0.42962962962962964 0.0078125 0.011111111111111112
0 0.68671875 0.42592592592592593 0.0078125 0.011111111111111112
0 0.8026041666666667 0.3995370370370371 0.007291666666666667 0.01388888888888889
0 0.8192708333333333 0.39722222222222225 0.00625 0.009259259259259259
0 0.8270833333333333 0.39490740740740743 0.005208333333333333 0.008333333333333333
0 0.83828125 0.3939814814814815 0.0078125 0.008333333333333333
0 0.8453125 0.3925925925925926 0.004166666666666667 0.009259259259259259
0 0.86328125 0.3851851851851852 0.0078125 0.011111111111111112
