0 0.09010416666666667 0.525 0.004166666666666667 0.007407407407407408
0 0.12005208333333334 0.5240740740740741 0.005729166666666666 0.012962962962962964
0 0.14088541666666665 0.5175925925925926 0.0046875 0.009259259259259259
0 0.20859375 0.5032407407407408 0.0067708333333333336 0.015740740740740743
0 0.25104166666666666 0.49444444444444446 0.008333333333333333 0.022222222222222223
0 0.5044270833333333 0.4388888888888889 0.0109375 0.02592592592592593
0 0.5341145833333333 0.4328703703703704 0.0078125 0.019444444444444445
0 0.5653645833333333 0.42824074074074076 0.0067708333333333336 0.015740740740740743
0 0.5729166666666666 0.4287037037037037 0.007291666666666667 0.014814814814814815
0 0.6067708333333334 0.4203703703703704 0.007291666666666667 0.020370370370370372
0 0.6434895833333333 0.40925925925925927 0.0067708333333333336 0.018518518518518517
0 0.6518229166666667 0.40925925925925927 0.0067708333333333336 0.016666666666666666
0 0.6669270833333333 0.4046296296296297 0.0078125 0.016666666666666666
0 0.6880208333333333 0.4027777777777778 0.00625 0.014814814814814815
0 0.8033854166666666 0.3787037037037037 0.005729166666666666 0.012962962962962964
0 0.8197916666666667 0.37592592592592594 0.00625 0.011111111111111112
0 0.8278645833333333 0.37453703703703706 0.005729166666666666 0.008333333333333333
0 0.8393229166666667 0.3731481481481482 0.0078125 0.011111111111111112
0 0.8468749999999999 0.37083333333333335 0.005208333333333333 0.012037037037037037
0 0.8666666666666667 0.3666666666666667 0.00625 0.009259259259259259
