0 0.121875 0.5074074074074074 0.004166666666666667 0.012962962962962964
0 0.14296875 0.5032407407407408 0.005729166666666666 0.012037037037037037
0 0.20885416666666667 0.48935185185185187 0.005208333333333333 0.012037037037037037
0 0.25286458333333334 0.47731481481481486 0.0078125 0.02314814814814815
0 0.5059895833333333 0.42685185185185187 0.0109375 0.022222222222222223
0 0.53515625 0.42083333333333334 0.0078125 0.019444444444444445
0 0.5661458333333333 0.41620370370370374 0.005208333333333333 0.012037037037037037
0 0.5729166666666666 0.4138888888888889 0.00625 0.012962962962962964
0 0.6075520833333333 0.40740740740740744 0.008854166666666666 0.020370370370370372
0 0.6533854166666666 0.39722222222222225 0.005729166666666666 0.014814814814814815
0 0.6453125 0.3976851851851852 0.00625 0.015740740740740743
0 0.6684895833333333 0.39305555555555555 0.0067708333333333336 0.015740740740740743
0 0.6893229166666667 0.3893518518518519 0.0036458333333333334 0.017592592592592594
0 0.80546875 0.3685185185185185 0.005729166666666666 0.011111111111111112
0 0.8208333333333333 0.36388888888888893 0.00625 0.007407407407407408
0 0.8299479166666667 0.362962962962963 0.005729166666666666 0.009259259259259259
0 0.8408854166666666 0.36064814814814816 0.0067708333333333336 0.010185185185185186
0 0.84921875 0.3578703703703704 0.0046875 0.010185185185185186
0 0.8682291666666666 0.3541666666666667 0.005208333333333333 0.008333333333333333
0 0.8877604166666666 0.3541666666666667 0.0067708333333333336 0.006481481481481482
0 0.4817708333333333 0.43703703703703706 0.010416666666666666 0.009259259259259259
0 0.31875 0.47175925925925927 0.005208333333333333 0.006481481481481482
