0 0.121875 0.4842592592592593 0.005208333333333333 0.009259259259259259
0 0.14270833333333333 0.47500000000000003 0.004166666666666667 0.014814814814814815
0 0.20885416666666667 0.46481481481481485 0.005208333333333333 0.016666666666666666
0 0.25390625 0.4550925925925926 0.008854166666666666 0.019444444444444445
0 0.5065104166666666 0.40972222222222227 0.008854166666666666 0.019444444444444445
0 0.5356770833333333 0.4041666666666667 0.008854166666666666 0.015740740740740743
0 0.56796875 0.3995370370370371 0.0078125 0.010185185185185186
0 0.5744791666666667 0.39537037037037037 0.00625 0.012962962962962964
0 0.6083333333333333 0.39166666666666666 0.00625 0.016666666666666666
0 0.6463541666666667 0.3819444444444445 0.00625 0.021296296296296296
0 0.6544270833333333 0.3814814814814815 0.0067708333333333336 0.014814814814814815
0 0.6700520833333333 0.3773148148148148 0.0046875 0.019444444444444445
0 0.6903645833333333 0.375 0.0046875 0.016666666666666666
0 0.8067708333333333 0.3541666666666667 0.005208333333333333 0.006481481481481482
0 0.8239583333333333 0.3509259259259259 0.005208333333333333 0.011111111111111112
0 0.8309895833333333 0.34953703703703703 0.0036458333333333334 0.010185185185185186
0 0.8427083333333333 0.34861111111111115 0.008333333333333333 0.010185185185185186
0 0.8507812499999999 0.3462962962962963 0.005729166666666666 0.009259259259259259
0 0.86875 0.34074074074074073 0.00625 0.009259259259259259
0 0.8890625 0.34120370370370373 0.00625 0.008333333333333333
