0 0.12343749999999999 0.45092592592592595 0.007291666666666667 0.022222222222222223
0 0.14401041666666667 0.4476851851851852 0.0046875 0.01388888888888889
0 0.2109375 0.4393518518518519 0.007291666666666667 0.01388888888888889
0 0.25494791666666666 0.42962962962962964 0.0078125 0.022222222222222223
0 0.48333333333333334 0.39490740740740743 0.011458333333333333 0.010185185185185186
0 0.5072916666666667 0.3861111111111111 0.008333333333333333 0.022222222222222223
0 0.5377604166666666 0.38287037037037036 0.0078125 0.017592592592592594
0 0.5692708333333333 0.3787037037037037 0.00625 0.014814814814814815
0 0.5760416666666667 0.3773148148148148 0.004166666666666667 0.012037037037037037
0 0.61015625 0.3703703703703704 0.0067708333333333336 0.016666666666666666
0 0.6484375 0.3592592592592593 0.008333333333333333 0.022222222222222223
0 0.6567708333333333 0.3592592592592593 0.011458333333333333 0.014814814814814815
0 0.671875 0.3611111111111111 0.008333333333333333 0.012962962962962964
0 0.6932291666666667 0.3541666666666667 0.00625 0.01388888888888889
0 0.8114583333333333 0.33333333333333337 0.009375 0.009259259259259259
0 0.8239583333333333 0.32962962962962966 0.005208333333333333 0.011111111111111112
0 0.8338541666666667 0.33055555555555555 0.00625 0.011111111111111112
0 0.8447916666666666 0.32916666666666666 0.007291666666666667 0.015740740740740743
0 0.8533854166666667 0.32546296296296295 0.0046875 0.010185185185185186
0 0.8731770833333333 0.3236111111111111 0.0046875 0.012037037037037037
0 0.8927083333333333 0.3194444444444445 0.00625 0.009259259259259259
