0 0.12447916666666667 0.43472222222222223 0.008333333333333333 0.012037037037037037
0 0.14401041666666667 0.4291666666666667 0.0046875 0.012037037037037037
0 0.21067708333333332 0.41944444444444445 0.0078125 0.014814814814814815
0 0.25546875 0.4115740740740741 0.009895833333333333 0.021296296296296296
0 0.5098958333333333 0.3699074074074074 0.009375 0.021296296296296296
0 0.53828125 0.3652777777777778 0.009895833333333333 0.019444444444444445
0 0.48515625 0.3787037037037037 0.013020833333333334 0.009259259259259259
0 0.5705729166666667 0.3625 0.0067708333333333336 0.017592592592592594
0 0.5778645833333333 0.3625 0.005729166666666666 0.017592592592592594
0 0.6114583333333333 0.3560185185185185 0.007291666666666667 0.017592592592592594
0 0.65 0.34675925925925927 0.00625 0.019444444444444445
0 0.6580729166666667 0.3458333333333333 0.0067708333333333336 0.015740740740740743
0 0.6731770833333334 0.3462962962962963 0.0067708333333333336 0.009259259259259259
0 0.6958333333333333 0.34074074074074073 0.005208333333333333 0.009259259259259259
0 0.8117187499999999 0.32222222222222224 0.0078125 0.011111111111111112
0 0.8286458333333333 0.3194444444444445 0.00625 0.011111111111111112
0 0.8372395833333334 0.31666666666666665 0.0046875 0.007407407407407408
0 0.84765625 0.3175925925925926 0.0078125 0.009259259259259259
0 0.8552083333333333 0.3143518518518519 0.004166666666666667 0.008333333333333333
0 0.8747395833333333 0.3106481481481482 0.0046875 0.010185185185185186
0 0.8953125 0.30833333333333335 0.005208333333333333 0.007407407407407408
