0 0.12578125 0.41481481481481486 0.005729166666666666 0.014814814814814815
0 0.21197916666666666 0.40231481481481485 0.00625 0.012037037037037037
0 0.2578125 0.39305555555555555 0.0125 0.019444444444444445
0 0.51015625 0.35694444444444445 0.0109375 0.019444444444444445
0 0.484375 0.36574074074074076 0.010416666666666666 0.011111111111111112
0 0.5403645833333334 0.35370370370370374 0.0109375 0.020370370370370372
0 0.5716145833333334 0.3490740740740741 0.0078125 0.016666666666666666
0 0.58046875 0.34814814814814815 0.008854166666666666 0.014814814814814815
0 0.6127604166666667 0.3439814814814815 0.011979166666666666 0.02314814814814815
0 0.6515625 0.33796296296296297 0.007291666666666667 0.022222222222222223
0 0.6604166666666667 0.3365740740740741 0.008333333333333333 0.019444444444444445
0 0.6744791666666666 0.33564814814814814 0.009375 0.010185185185185186
0 0.6973958333333333 0.3314814814814815 0.007291666666666667 0.014814814814814815
0 0.8138020833333334 0.31527777777777777 0.0046875 0.008333333333333333
0 0.8307291666666666 0.31157407407407406 0.005208333333333333 0.010185185185185186
0 0.8494791666666667 0.3087962962962963 0.007291666666666667 0.010185185185185186
0 0.83984375 0.3092592592592593 0.005729166666666666 0.012962962962962964
0 0.8580729166666666 0.30648148148148147 0.005729166666666666 0.011111111111111112
0 0.8781249999999999 0.3023148148148148 0.005208333333333333 0.012037037037037037
0 0.8976562499999999 0.3027777777777778 0.0078125 0.011111111111111112
