0 0.12734375 0.3893518518518519 0.008854166666666666 0.015740740740740743
0 0.14713541666666666 0.3851851851851852 0.0046875 0.018518518518518517
0 0.21354166666666666 0.38101851851851853 0.00625 0.010185185185185186
0 0.2596354166666667 0.3717592592592593 0.009895833333333333 0.02314814814814815
0 0.5122395833333333 0.34074074074074073 0.009895833333333333 0.018518518518518517
0 0.5427083333333333 0.33564814814814814 0.010416666666666666 0.017592592592592594
0 0.5747395833333333 0.3337962962962963 0.005729166666666666 0.015740740740740743
0 0.5809895833333333 0.3337962962962963 0.0046875 0.012037037037037037
0 0.6143229166666666 0.3282407407407408 0.0067708333333333336 0.019444444444444445
0 0.65390625 0.32083333333333336 0.0046875 0.01388888888888889
0 0.6627604166666666 0.32037037037037036 0.008854166666666666 0.012962962962962964
0 0.678125 0.32037037037037036 0.00625 0.014814814814814815
0 0.7005208333333334 0.31666666666666665 0.005208333333333333 0.014814814814814815
0 0.8171875 0.3023148148148148 0.00625 0.010185185185185186
0 0.83359375 0.300462962962963 0.005729166666666666 0.012037037037037037
0 0.8424479166666666 0.3013888888888889 0.0067708333333333336 0.012037037037037037
0 0.8533854166666667 0.300462962962963 0.0109375 0.006481481481481482
0 0.8619791666666666 0.29583333333333334 0.005208333333333333 0.006481481481481482
0 0.8815104166666666 0.2935185185185185 0.0067708333333333336 0.012962962962962964
0 0.9018229166666667 0.29212962962962963 0.005729166666666666 0.008333333333333333
