0 0.26171875 0.350462962962963 0.0109375 0.019444444444444445
0 0.12838541666666667 0.36712962962962964 0.0046875 0.017592592592592594
0 0.14921875 0.36064814814814816 0.0036458333333333334 0.012037037037037037
0 0.21432291666666667 0.3601851851851852 0.005729166666666666 0.016666666666666666
0 0.4903645833333333 0.3337962962962963 0.009895833333333333 0.010185185185185186
0 0.5138020833333333 0.32407407407407407 0.0109375 0.024074074074074074
0 0.54453125 0.3226851851851852 0.0109375 0.019444444444444445
0 0.5768229166666666 0.32037037037037036 0.005729166666666666 0.014814814814814815
0 0.58359375 0.3189814814814815 0.005729166666666666 0.012037037037037037
0 0.6171875 0.31527777777777777 0.010416666666666666 0.021296296296296296
0 0.65625 0.30833333333333335 0.00625 0.014814814814814815
0 0.6645833333333333 0.30694444444444446 0.007291666666666667 0.015740740740740743
0 0.68125 0.3050925925925926 0.008333333333333333 0.01388888888888889
0 0.7015625 0.30185185185185187 0.00625 0.012962962962962964
0 0.9044270833333333 0.28101851851851856 0.005729166666666666 0.006481481481481482
0 0.8841145833333334 0.2837962962962963 0.0046875 0.010185185185185186
0 0.8643229166666666 0.28703703703703703 0.0036458333333333334 0.011111111111111112
0 0.8559895833333333 0.28703703703703703 0.0067708333333333336 0.009259259259259259
0 0.8458333333333333 0.287962962962963 0.00625 0.007407407407407408
0 0.83671875 0.2884259259259259 0.005729166666666666 0.010185185185185186
0 0.8203125 0.29120370370370374 0.00625 0.01388888888888889
