0 0.26510416666666664 0.3439814814814815 0.014583333333333334 0.019444444444444445
0 0.21666666666666667 0.34861111111111115 0.008333333333333333 0.01388888888888889
0 0.13098958333333333 0.35694444444444445 0.0078125 0.012037037037037037
0 0.5169270833333334 0.3194444444444445 0.008854166666666666 0.018518518518518517
0 0.546875 0.3175925925925926 0.010416666666666666 0.016666666666666666
0 0.5783854166666667 0.3162037037037037 0.005729166666666666 0.010185185185185186
0 0.58671875 0.3138888888888889 0.0078125 0.014814814814814815
0 0.6197916666666666 0.312962962962963 0.008333333333333333 0.014814814814814815
0 0.6591145833333333 0.30462962962962964 0.005729166666666666 0.020370370370370372
0 0.6677083333333333 0.3060185185185185 0.008333333333333333 0.017592592592592594
0 0.6825520833333333 0.3041666666666667 0.008854166666666666 0.010185185185185186
0 0.7044270833333334 0.3027777777777778 0.005729166666666666 0.018518518518518517
0 0.8223958333333333 0.29212962962962963 0.00625 0.010185185185185186
0 0.83984375 0.2888888888888889 0.0046875 0.012962962962962964
0 0.8484375 0.2884259259259259 0.00625 0.015740740740740743
0 0.8585937499999999 0.2898148148148148 0.0067708333333333336 0.005555555555555556
0 0.8661458333333333 0.2865740740740741 0.004166666666666667 0.008333333333333333
0 0.8877604166666666 0.2847222222222222 0.0036458333333333334 0.008333333333333333
0 0.9080729166666667 0.2837962962962963 0.0067708333333333336 0.006481481481481482
