0 0.04739583333333333 0.49953703703703706 0.004166666666666667 0.01388888888888889
0 0.12786458333333334 0.4939814814814815 0.005729166666666666 0.017592592592592594
0 0.15208333333333332 0.4902777777777778 0.007291666666666667 0.021296296296296296
0 0.42864583333333334 0.46296296296296297 0.00625 0.016666666666666666
0 0.4588541666666667 0.4625 0.00625 0.01388888888888889
0 0.4856770833333333 0.4601851851851852 0.0036458333333333334 0.009259259259259259
0 0.49322916666666666 0.45787037037037037 0.004166666666666667 0.01388888888888889
0 0.5359375 0.45462962962962966 0.00625 0.016666666666666666
0 0.5666666666666667 0.45046296296296295 0.007291666666666667 0.019444444444444445
0 0.5875 0.45092592592592595 0.00625 0.007407407407407408
0 0.6049479166666667 0.44907407407407407 0.005729166666666666 0.011111111111111112
0 0.7184895833333333 0.4365740740740741 0.0036458333333333334 0.010185185185185186
0 0.734375 0.4365740740740741 0.004166666666666667 0.006481481481481482
0 0.740625 0.43472222222222223 0.004166666666666667 0.008333333333333333
0 0.7484375 0.4365740740740741 0.00625 0.006481481481481482
0 0.7567708333333333 0.43333333333333335 0.004166666666666667 0.007407407407407408
0 0.7729166666666667 0.4314814814814815 0.004166666666666667 0.007407407407407408
0 0.7893229166666667 0.43194444444444446 0.0046875 0.006481481481481482
0 0.6494791666666666 0.4462962962962963 0.004166666666666667 0.003703703703703704
