0 0.13307291666666665 0.3365740740740741 0.0078125 0.019444444444444445
0 0.21875 0.3300925925925926 0.005208333333333333 0.017592592592592594
0 0.2674479166666667 0.32546296296296295 0.009895833333333333 0.019444444444444445
0 0.15338541666666666 0.33333333333333337 0.0046875 0.009259259259259259
0 0.5192708333333333 0.3078703703703704 0.009375 0.017592592592592594
0 0.5494791666666666 0.3060185185185185 0.011458333333333333 0.015740740740740743
0 0.58203125 0.30324074074074076 0.0067708333333333336 0.012037037037037037
0 0.58984375 0.3023148148148148 0.0078125 0.010185185185185186
0 0.6213541666666667 0.300462962962963 0.009375 0.01388888888888889
0 0.66171875 0.2953703703703704 0.0078125 0.022222222222222223
0 0.6690104166666666 0.2939814814814815 0.005729166666666666 0.019444444444444445
0 0.6864583333333333 0.2939814814814815 0.005208333333333333 0.012037037037037037
0 0.7075520833333333 0.29212962962962963 0.008854166666666666 0.012037037037037037
0 0.8260416666666667 0.2847222222222222 0.007291666666666667 0.010185185185185186
0 0.8429687499999999 0.28101851851851856 0.005729166666666666 0.008333333333333333
0 0.85234375 0.28194444444444444 0.0078125 0.008333333333333333
0 0.8622395833333333 0.2828703703703704 0.0078125 0.012037037037037037
0 0.8708333333333333 0.2796296296296296 0.005208333333333333 0.009259259259259259
0 0.89140625 0.2800925925925926 0.005729166666666666 0.006481481481481482
0 0.9122395833333333 0.27824074074074073 0.0078125 0.008333333333333333
