0 0.1328125 0.31851851851851853 0.008333333333333333 0.011111111111111112
0 0.22109375 0.31203703703703706 0.008854166666666666 0.014814814814814815
0 0.26875 0.3092592592592593 0.011458333333333333 0.024074074074074074
0 0.5213541666666667 0.2962962962962963 0.009375 0.022222222222222223
0 0.55234375 0.2953703703703704 0.0078125 0.022222222222222223
0 0.5846354166666666 0.2939814814814815 0.009895833333333333 0.015740740740740743
0 0.59296875 0.29212962962962963 0.008854166666666666 0.01388888888888889
0 0.6260416666666666 0.28935185185185186 0.010416666666666666 0.019444444444444445
0 0.6640625 0.2902777777777778 0.009375 0.017592592592592594
0 0.6747395833333333 0.28425925925925927 0.0078125 0.016666666666666666
0 0.6890625 0.2888888888888889 0.007291666666666667 0.012962962962962964
0 0.7106770833333333 0.287962962962963 0.0067708333333333336 0.012962962962962964
0 0.82890625 0.2796296296296296 0.0078125 0.009259259259259259
0 0.8466145833333333 0.27824074074074073 0.005729166666666666 0.010185185185185186
0 0.8546874999999999 0.27685185185185185 0.00625 0.011111111111111112
0 0.8664062499999999 0.27685185185185185 0.0078125 0.009259259259259259
0 0.8742187499999999 0.27546296296296297 0.005729166666666666 0.012037037037037037
0 0.8966145833333333 0.2726851851851852 0.0078125 0.01388888888888889
