0 0.2716145833333333 0.3060185185185185 0.011979166666666666 0.02314814814814815
0 0.1390625 0.31342592592592594 0.007291666666666667 0.017592592592592594
0 0.22317708333333333 0.3101851851851852 0.0067708333333333336 0.012962962962962964
0 0.5247395833333334 0.2967592592592593 0.009895833333333333 0.019444444444444445
0 0.5559895833333334 0.2972222222222222 0.008854166666666666 0.018518518518518517
0 0.5911458333333334 0.2953703703703704 0.0125 0.018518518518518517
0 0.628125 0.2935185185185185 0.007291666666666667 0.018518518518518517
0 0.6671875 0.29120370370370374 0.007291666666666667 0.021296296296296296
0 0.6765625 0.287962962962963 0.007291666666666667 0.018518518518518517
0 0.6916666666666667 0.29074074074074074 0.00625 0.011111111111111112
0 0.71328125 0.2902777777777778 0.0078125 0.010185185185185186
0 0.9190104166666666 0.28055555555555556 0.005729166666666666 0.007407407407407408
0 0.8986979166666667 0.2800925925925926 0.0046875 0.008333333333333333
0 0.8731770833333333 0.28101851851851856 0.0140625 0.010185185185185186
0 0.8583333333333333 0.2828703703703704 0.005208333333333333 0.010185185185185186
0 0.8497395833333333 0.2828703703703704 0.0036458333333333334 0.008333333333333333
0 0.8325520833333333 0.2833333333333333 0.0036458333333333334 0.011111111111111112
