0 0.14088541666666665 0.3037037037037037 0.005729166666666666 0.012962962962962964
0 0.22786458333333334 0.3023148148148148 0.0078125 0.010185185185185186
0 0.2752604166666667 0.2962962962962963 0.009895833333333333 0.022222222222222223
0 0.5278645833333333 0.29074074074074074 0.0109375 0.018518518518518517
0 0.55859375 0.2916666666666667 0.011979166666666666 0.016666666666666666
0 0.5901041666666667 0.29120370370370374 0.007291666666666667 0.01388888888888889
0 0.5984375 0.28935185185185186 0.00625 0.01388888888888889
0 0.6309895833333333 0.2898148148148148 0.005729166666666666 0.014814814814814815
0 0.6705729166666666 0.2898148148148148 0.0078125 0.014814814814814815
0 0.6802083333333333 0.2865740740740741 0.00625 0.01388888888888889
0 0.69453125 0.28703703703703703 0.0067708333333333336 0.011111111111111112
0 0.7171875 0.2898148148148148 0.007291666666666667 0.011111111111111112
0 0.8369791666666666 0.2837962962962963 0.00625 0.012037037037037037
0 0.8526041666666666 0.28425925925925927 0.00625 0.005555555555555556
0 0.8627604166666667 0.2828703703703704 0.0067708333333333336 0.012037037037037037
0 0.8770833333333333 0.28194444444444444 0.0125 0.008333333333333333
0 0.9028645833333333 0.28194444444444444 0.0046875 0.008333333333333333
0 0.9229166666666666 0.2828703703703704 0.004166666666666667 0.004629629629629629
