0 0.14427083333333332 0.2916666666666667 0.008333333333333333 0.014814814814814815
0 0.22994791666666667 0.29120370370370374 0.0109375 0.01388888888888889
0 0.27838541666666666 0.2898148148148148 0.009895833333333333 0.022222222222222223
0 0.5307291666666667 0.2865740740740741 0.011458333333333333 0.025
0 0.5606770833333333 0.287962962962963 0.0078125 0.020370370370370372
0 0.59296875 0.28564814814814815 0.0067708333333333336 0.021296296296296296
0 0.6013020833333333 0.28564814814814815 0.0046875 0.019444444444444445
0 0.6333333333333333 0.2888888888888889 0.007291666666666667 0.016666666666666666
0 0.6736979166666667 0.2884259259259259 0.0078125 0.015740740740740743
0 0.6833333333333333 0.2884259259259259 0.00625 0.015740740740740743
0 0.6981770833333333 0.2902777777777778 0.0078125 0.010185185185185186
0 0.7208333333333333 0.28935185185185186 0.00625 0.010185185185185186
0 0.9033854166666666 0.2851851851851852 0.008854166666666666 0.011111111111111112
0 0.884375 0.2851851851851852 0.005208333333333333 0.009259259259259259
0 0.8778645833333333 0.28703703703703703 0.0078125 0.007407407407407408
0 0.86484375 0.2865740740740741 0.0046875 0.010185185185185186
0 0.8567708333333334 0.2888888888888889 0.005208333333333333 0.007407407407407408
0 0.83984375 0.2865740740740741 0.005729166666666666 0.012037037037037037
