0 0.14661458333333333 0.29074074074074074 0.008854166666666666 0.016666666666666666
0 0.23203125 0.29074074074074074 0.0109375 0.014814814814814815
0 0.28203125 0.2902777777777778 0.009895833333333333 0.02314814814814815
0 0.5333333333333333 0.29120370370370374 0.011458333333333333 0.026851851851851852
0 0.5645833333333333 0.29212962962962963 0.011458333333333333 0.025
0 0.5953125 0.2925925925925926 0.00625 0.018518518518518517
0 0.6036458333333333 0.2935185185185185 0.007291666666666667 0.014814814814814815
0 0.63671875 0.29212962962962963 0.0078125 0.019444444444444445
0 0.6776041666666667 0.29305555555555557 0.007291666666666667 0.017592592592592594
0 0.68671875 0.29444444444444445 0.0046875 0.014814814814814815
0 0.7010416666666667 0.2962962962962963 0.005208333333333333 0.005555555555555556
0 0.7231770833333333 0.2953703703703704 0.0078125 0.007407407407407408
0 0.9309895833333334 0.2976851851851852 0.005729166666666666 0.006481481481481482
0 0.91015625 0.29583333333333334 0.005729166666666666 0.008333333333333333
0 0.8888020833333333 0.2962962962962963 0.0046875 0.009259259259259259
0 0.8833333333333333 0.2972222222222222 0.004166666666666667 0.009259259259259259
0 0.8791666666666667 0.2976851851851852 0.004166666666666667 0.006481481481481482
0 0.8690104166666667 0.2967592592592593 0.005729166666666666 0.006481481481481482
0 0.86015625 0.2976851851851852 0.0046875 0.008333333333333333
0 0.8432291666666667 0.29814814814814816 0.005208333333333333 0.009259259259259259
