0 0.28411458333333334 0.29212962962962963 0.0109375 0.025
0 0.23645833333333333 0.29305555555555557 0.009375 0.015740740740740743
0 0.15182291666666667 0.2888888888888889 0.0067708333333333336 0.014814814814814815
0 0.53671875 0.2986111111111111 0.0078125 0.021296296296296296
0 0.5661458333333333 0.3 0.011458333333333333 0.016666666666666666
0 0.59921875 0.300462962962963 0.005729166666666666 0.019444444444444445
0 0.6067708333333334 0.30092592592592593 0.00625 0.018518518518518517
0 0.6393229166666666 0.30324074074074076 0.0078125 0.015740740740740743
0 0.6802083333333333 0.2990740740740741 0.007291666666666667 0.018518518518518517
0 0.6888020833333334 0.30092592592592593 0.0067708333333333336 0.014814814814814815
0 0.7036458333333333 0.3041666666666667 0.005208333333333333 0.008333333333333333
0 0.72734375 0.3037037037037037 0.008854166666666666 0.012962962962962964
0 0.7752604166666667 0.30972222222222223 0.005729166666666666 0.004629629629629629
0 0.8468749999999999 0.30648148148148147 0.00625 0.011111111111111112
0 0.86328125 0.3060185185185185 0.005729166666666666 0.010185185185185186
0 0.8721354166666666 0.30694444444444446 0.005729166666666666 0.010185185185185186
0 0.8817708333333333 0.30694444444444446 0.005208333333333333 0.008333333333333333
0 0.8919270833333334 0.30694444444444446 0.0036458333333333334 0.010185185185185186
0 0.8869791666666667 0.30694444444444446 0.004166666666666667 0.008333333333333333
0 0.9138020833333333 0.30648148148148147 0.0067708333333333336 0.009259259259259259
0 0.934375 0.3078703703703704 0.005208333333333333 0.006481481481481482
