0 0.15416666666666667 0.2865740740740741 0.009375 0.01388888888888889
0 0.23776041666666667 0.2902777777777778 0.0078125 0.019444444444444445
0 0.2890625 0.2884259259259259 0.009375 0.021296296296296296
0 0.5385416666666667 0.29953703703703705 0.009375 0.019444444444444445
0 0.5690104166666666 0.29814814814814816 0.0109375 0.02777777777777778
0 0.6020833333333333 0.30185185185185187 0.005208333333333333 0.018518518518518517
0 0.609375 0.3027777777777778 0.005208333333333333 0.012962962962962964
0 0.6421875 0.30462962962962964 0.00625 0.018518518518518517
0 0.6828125 0.30462962962962964 0.00625 0.018518518518518517
0 0.6927083333333334 0.30694444444444446 0.008333333333333333 0.01388888888888889
0 0.7065104166666667 0.30833333333333335 0.0067708333333333336 0.009259259259259259
0 0.7299479166666667 0.30833333333333335 0.0078125 0.011111111111111112
0 0.8489583333333334 0.31342592592592594 0.005208333333333333 0.010185185185185186
0 0.8658854166666666 0.3138888888888889 0.0046875 0.009259259259259259
0 0.875 0.31342592592592594 0.005208333333333333 0.008333333333333333
0 0.8856770833333333 0.3138888888888889 0.0046875 0.009259259259259259
0 0.8898437499999999 0.31342592592592594 0.0046875 0.008333333333333333
0 0.8947916666666667 0.312962962962963 0.004166666666666667 0.009259259259259259
0 0.9166666666666666 0.31342592592592594 0.005208333333333333 0.010185185185185186
