0 0.15729166666666666 0.2916666666666667 0.00625 0.009259259259259259
0 0.24036458333333333 0.2953703703703704 0.0109375 0.018518518518518517
0 0.2916666666666667 0.29444444444444445 0.010416666666666666 0.024074074074074074
0 0.5411458333333333 0.3087962962962963 0.009375 0.019444444444444445
0 0.571875 0.3106481481481482 0.011458333333333333 0.019444444444444445
0 0.6041666666666666 0.312962962962963 0.00625 0.018518518518518517
0 0.6130208333333333 0.3138888888888889 0.007291666666666667 0.014814814814814815
0 0.6440104166666667 0.3138888888888889 0.0078125 0.012962962962962964
0 0.684375 0.31342592592592594 0.00625 0.015740740740740743
0 0.69453125 0.31712962962962965 0.005729166666666666 0.01388888888888889
0 0.7083333333333334 0.32037037037037036 0.005208333333333333 0.007407407407407408
0 0.73125 0.3189814814814815 0.005208333333333333 0.019444444444444445
0 0.93984375 0.33194444444444443 0.0046875 0.006481481481481482
0 0.91875 0.3287037037037037 0.00625 0.009259259259259259
0 0.896875 0.32685185185185184 0.005208333333333333 0.011111111111111112
0 0.8911458333333333 0.32731481481481484 0.004166666666666667 0.008333333333333333
0 0.8869791666666667 0.3277777777777778 0.005208333333333333 0.005555555555555556
0 0.8768229166666667 0.3287037037037037 0.0046875 0.009259259259259259
0 0.8682291666666666 0.32731481481481484 0.005208333333333333 0.008333333333333333
0 0.8507812499999999 0.3263888888888889 0.008854166666666666 0.010185185185185186
