0 0.9421875 0.34675925925925927 0.00625 0.006481481481481482
0 0.9210937499999999 0.34120370370370373 0.0046875 0.006481481481481482
0 0.89921875 0.3421296296296296 0.0036458333333333334 0.010185185185185186
0 0.8937499999999999 0.3416666666666667 0.003125 0.007407407407407408
0 0.8895833333333333 0.34120370370370373 0.005208333333333333 0.008333333333333333
0 0.8791666666666667 0.3416666666666667 0.004166666666666667 0.009259259259259259
0 0.8703124999999999 0.3421296296296296 0.00625 0.010185185185185186
0 0.853125 0.3402777777777778 0.005208333333333333 0.010185185185185186
0 0.7338541666666667 0.33240740740740743 0.00625 0.009259259259259259
0 0.7106770833333333 0.33101851851851855 0.005729166666666666 0.010185185185185186
0 0.6966145833333334 0.32962962962962966 0.0067708333333333336 0.011111111111111112
0 0.6869791666666667 0.3282407407407408 0.007291666666666667 0.017592592592592594
0 0.6473958333333333 0.32685185185185184 0.007291666666666667 0.018518518518518517
0 0.6138020833333333 0.325 0.005729166666666666 0.014814814814814815
0 0.6072916666666667 0.325 0.00625 0.014814814814814815
0 0.5736979166666667 0.32083333333333336 0.013020833333333334 0.019444444444444445
0 0.5440104166666666 0.31851851851851853 0.0078125 0.020370370370370372
0 0.16041666666666665 0.29953703703703705 0.005208333333333333 0.012037037037037037
0 0.24270833333333333 0.3041666666666667 0.008333333333333333 0.012037037037037037
0 0.2947916666666667 0.3037037037037037 0.010416666666666666 0.024074074074074074
