0 0.048177083333333336 0.5263888888888889 0.0067708333333333336 0.01388888888888889
0 0.12864583333333332 0.5208333333333334 0.005208333333333333 0.01388888888888889
0 0.15338541666666666 0.5162037037037037 0.0067708333333333336 0.02314814814814815
0 0.42890625 0.48703703703703705 0.005729166666666666 0.016666666666666666
0 0.459375 0.4851851851851852 0.004166666666666667 0.012962962962962964
0 0.4864583333333333 0.48240740740740745 0.004166666666666667 0.011111111111111112
0 0.4942708333333333 0.48194444444444445 0.005208333333333333 0.012037037037037037
0 0.5369791666666667 0.475462962962963 0.007291666666666667 0.017592592592592594
0 0.5671875 0.4712962962962963 0.009375 0.020370370370370372
0 0.5885416666666666 0.4703703703703704 0.00625 0.012962962962962964
0 0.60546875 0.46990740740740744 0.005729166666666666 0.01388888888888889
0 0.71953125 0.45925925925925926 0.0036458333333333334 0.011111111111111112
0 0.7346354166666667 0.45740740740740743 0.0036458333333333334 0.007407407407407408
0 0.7411458333333333 0.4569444444444445 0.004166666666666667 0.008333333333333333
0 0.75 0.45787037037037037 0.00625 0.006481481481481482
0 0.7578125 0.4550925925925926 0.004166666666666667 0.008333333333333333
0 0.7731770833333333 0.4537037037037037 0.0046875 0.009259259259259259
0 0.78984375 0.4537037037037037 0.0046875 0.005555555555555556
0 0.40208333333333335 0.4953703703703704 0.007291666666666667 0.007407407407407408
0 0.6510416666666666 0.46805555555555556 0.003125 0.006481481481481482
