0 0.16276041666666666 0.3 0.0046875 0.009259259259259259
0 0.24635416666666665 0.3055555555555556 0.009375 0.011111111111111112
0 0.2973958333333333 0.30462962962962964 0.009375 0.020370370370370372
0 0.5455729166666666 0.32175925925925924 0.008854166666666666 0.02314814814814815
0 0.5765625 0.32546296296296295 0.010416666666666666 0.021296296296296296
0 0.6096354166666667 0.3282407407407408 0.0046875 0.017592592592592594
0 0.6158854166666666 0.3287037037037037 0.005729166666666666 0.016666666666666666
0 0.6484375 0.3300925925925926 0.007291666666666667 0.017592592592592594
0 0.6901041666666666 0.33287037037037037 0.00625 0.017592592592592594
0 0.69921875 0.33425925925925926 0.0067708333333333336 0.012962962962962964
0 0.7130208333333333 0.3351851851851852 0.007291666666666667 0.011111111111111112
0 0.73828125 0.3375 0.0078125 0.012037037037037037
0 0.85546875 0.3462962962962963 0.005729166666666666 0.009259259259259259
0 0.8734375 0.3458333333333333 0.00625 0.010185185185185186
0 0.8820312499999999 0.34814814814814815 0.0046875 0.009259259259259259
0 0.8921875 0.34814814814814815 0.004166666666666667 0.009259259259259259
0 0.896875 0.3490740740740741 0.004166666666666667 0.009259259259259259
0 0.9018229166666667 0.34814814814814815 0.005729166666666666 0.007407407407407408
0 0.9221354166666667 0.34953703703703703 0.005729166666666666 0.010185185185185186
0 0.9453125 0.35370370370370374 0.004166666666666667 0.007407407407407408
