0 0.165625 0.3101851851851852 0.007291666666666667 0.009259259259259259
0 0.2484375 0.31574074074074077 0.007291666666666667 0.014814814814814815
0 0.2989583333333333 0.31574074074074077 0.009375 0.024074074074074074
0 0.54765625 0.3351851851851852 0.008854166666666666 0.022222222222222223
0 0.5776041666666667 0.3388888888888889 0.010416666666666666 0.022222222222222223
0 0.6109375 0.3416666666666667 0.007291666666666667 0.018518518518518517
0 0.61875 0.3425925925925926 0.00625 0.016666666666666666
0 0.65078125 0.34305555555555556 0.0067708333333333336 0.021296296296296296
0 0.6908854166666667 0.3453703703703704 0.0078125 0.016666666666666666
0 0.7005208333333334 0.3472222222222222 0.007291666666666667 0.012962962962962964
0 0.7145833333333333 0.3472222222222222 0.005208333333333333 0.018518518518518517
0 0.7390625 0.3513888888888889 0.007291666666666667 0.01388888888888889
0 0.8575520833333333 0.3611111111111111 0.005729166666666666 0.009259259259259259
0 0.8755208333333333 0.362962962962963 0.00625 0.009259259259259259
0 0.8841145833333334 0.36342592592592593 0.0046875 0.006481481481481482
0 0.946875 0.3680555555555556 0.005208333333333333 0.006481481481481482
0 0.921875 0.36342592592592593 0.0125 0.010185185185185186
0 0.9036458333333334 0.36342592592592593 0.004166666666666667 0.012037037037037037
0 0.8981770833333333 0.3652777777777778 0.0036458333333333334 0.008333333333333333
0 0.8937499999999999 0.36435185185185187 0.004166666666666667 0.008333333333333333
