0 0.16770833333333332 0.3212962962962963 0.00625 0.011111111111111112
0 0.25026041666666665 0.32592592592592595 0.0109375 0.014814814814814815
0 0.3015625 0.32685185185185184 0.009375 0.022222222222222223
0 0.5489583333333333 0.3453703703703704 0.007291666666666667 0.020370370370370372
0 0.57890625 0.34953703703703703 0.008854166666666666 0.019444444444444445
0 0.6138020833333333 0.35185185185185186 0.0067708333333333336 0.016666666666666666
0 0.6203125 0.35185185185185186 0.007291666666666667 0.016666666666666666
0 0.65234375 0.35462962962962963 0.0109375 0.018518518518518517
0 0.6942708333333333 0.35879629629629634 0.005208333333333333 0.019444444444444445
0 0.7020833333333333 0.3592592592592593 0.00625 0.009259259259259259
0 0.7166666666666667 0.3615740740740741 0.004166666666666667 0.008333333333333333
0 0.7419270833333333 0.3625 0.005729166666666666 0.015740740740740743
0 0.95 0.37962962962962965 0.004166666666666667 0.005555555555555556
0 0.92578125 0.375 0.005729166666666666 0.007407407407407408
0 0.9059895833333333 0.37592592592592594 0.0036458333333333334 0.011111111111111112
0 0.9010416666666666 0.3763888888888889 0.004166666666666667 0.010185185185185186
0 0.8963541666666667 0.37592592592592594 0.00625 0.011111111111111112
0 0.8859374999999999 0.3740740740740741 0.005208333333333333 0.007407407407407408
0 0.8770833333333333 0.375 0.005208333333333333 0.009259259259259259
0 0.86015625 0.3740740740740741 0.0067708333333333336 0.009259259259259259
