0 0.17057291666666666 0.32962962962962966 0.005729166666666666 0.011111111111111112
0 0.18932291666666667 0.32453703703703707 0.0046875 0.012037037037037037
0 0.25338541666666664 0.33472222222222225 0.0078125 0.01388888888888889
0 0.30442708333333335 0.33472222222222225 0.0078125 0.021296296296296296
0 0.55234375 0.35324074074074074 0.008854166666666666 0.017592592592592594
0 0.5817708333333333 0.35694444444444445 0.009375 0.019444444444444445
0 0.61484375 0.3601851851851852 0.0046875 0.014814814814814815
0 0.621875 0.3625 0.00625 0.012037037037037037
0 0.6546875 0.36342592592592593 0.007291666666666667 0.015740740740740743
0 0.6958333333333333 0.3652777777777778 0.00625 0.012037037037037037
0 0.7049479166666667 0.3680555555555556 0.005729166666666666 0.010185185185185186
0 0.7190104166666667 0.37083333333333335 0.005729166666666666 0.008333333333333333
0 0.7434895833333334 0.3726851851851852 0.0046875 0.010185185185185186
0 0.8635416666666667 0.3819444444444445 0.00625 0.008333333333333333
0 0.87890625 0.38333333333333336 0.005729166666666666 0.007407407407407408
0 0.8885416666666667 0.38333333333333336 0.004166666666666667 0.005555555555555556
0 0.8989583333333333 0.3842592592592593 0.004166666666666667 0.007407407407407408
0 0.90390625 0.3842592592592593 0.0046875 0.007407407407407408
0 0.9088541666666666 0.38287037037037036 0.004166666666666667 0.008333333333333333
0 0.93046875 0.3856481481481482 0.005729166666666666 0.010185185185185186
0 0.9528645833333333 0.3893518518518519 0.0036458333333333334 0.006481481481481482
