0 0.17369791666666667 0.33796296296296297 0.0046875 0.012962962962962964
0 0.1921875 0.33472222222222225 0.00625 0.01388888888888889
0 0.2552083333333333 0.34351851851851856 0.007291666666666667 0.014814814814814815
0 0.30572916666666666 0.34351851851851856 0.009375 0.020370370370370372
0 0.5536458333333333 0.362962962962963 0.007291666666666667 0.022222222222222223
0 0.58359375 0.3680555555555556 0.009895833333333333 0.017592592592592594
0 0.6174479166666667 0.37222222222222223 0.005729166666666666 0.009259259259259259
0 0.6236979166666666 0.3712962962962963 0.0046875 0.011111111111111112
0 0.6567708333333333 0.37222222222222223 0.00625 0.016666666666666666
0 0.6973958333333333 0.3763888888888889 0.005208333333333333 0.012037037037037037
0 0.70703125 0.3773148148148148 0.005729166666666666 0.010185185185185186
0 0.7208333333333333 0.37824074074074077 0.004166666666666667 0.010185185185185186
0 0.7455729166666667 0.3787037037037037 0.005729166666666666 0.012962962962962964
0 0.86484375 0.38981481481481484 0.005729166666666666 0.011111111111111112
0 0.8809895833333333 0.3907407407407408 0.005729166666666666 0.011111111111111112
0 0.8908854166666667 0.39212962962962966 0.0046875 0.006481481481481482
0 0.9010416666666666 0.39351851851851855 0.004166666666666667 0.007407407407407408
0 0.9059895833333333 0.3939814814814815 0.0036458333333333334 0.008333333333333333
0 0.9104166666666667 0.39351851851851855 0.004166666666666667 0.009259259259259259
0 0.9322916666666666 0.3944444444444445 0.008333333333333333 0.007407407407407408
0 0.9549479166666667 0.4 0.0036458333333333334 0.003703703703703704
