0 0.9575520833333333 0.4115740740740741 0.0036458333333333334 0.004629629629629629
0 0.9346354166666666 0.4078703703703704 0.005729166666666666 0.010185185185185186
0 0.9138020833333333 0.40601851851851856 0.0046875 0.008333333333333333
0 0.90859375 0.40694444444444444 0.0036458333333333334 0.008333333333333333
0 0.90390625 0.40694444444444444 0.0036458333333333334 0.006481481481481482
0 0.8934895833333333 0.4050925925925926 0.0036458333333333334 0.006481481481481482
0 0.8838541666666666 0.40324074074074073 0.005208333333333333 0.010185185185185186
0 0.8664062499999999 0.40370370370370373 0.005729166666666666 0.011111111111111112
0 0.7479166666666667 0.39351851851851855 0.005208333333333333 0.011111111111111112
0 0.7229166666666667 0.39212962962962966 0.005208333333333333 0.008333333333333333
0 0.7096354166666666 0.3902777777777778 0.005729166666666666 0.010185185185185186
0 0.69921875 0.3902777777777778 0.005729166666666666 0.015740740740740743
0 0.6580729166666667 0.38657407407407407 0.005729166666666666 0.015740740740740743
0 0.6268229166666667 0.3842592592592593 0.0067708333333333336 0.012962962962962964
0 0.6192708333333333 0.38287037037037036 0.00625 0.010185185185185186
0 0.5856770833333333 0.37962962962962965 0.009895833333333333 0.022222222222222223
0 0.55546875 0.37824074074074077 0.009895833333333333 0.025
0 0.30885416666666665 0.3597222222222222 0.009375 0.02314814814814815
0 0.2565104166666667 0.3611111111111111 0.0078125 0.012962962962962964
0 0.17578125 0.35324074074074074 0.0046875 0.021296296296296296
0 0.19427083333333334 0.35185185185185186 0.005208333333333333 0.016666666666666666
