0 0.17838541666666666 0.36342592592592593 0.005729166666666666 0.015740740740740743
0 0.19635416666666666 0.3601851851851852 0.004166666666666667 0.018518518518518517
0 0.26015625 0.3699074074074074 0.0067708333333333336 0.010185185185185186
0 0.3111979166666667 0.3699074074074074 0.008854166666666666 0.021296296296296296
0 0.5583333333333333 0.3851851851851852 0.009375 0.020370370370370372
0 0.5893229166666667 0.38796296296296295 0.008854166666666666 0.020370370370370372
0 0.6221354166666666 0.3902777777777778 0.005729166666666666 0.015740740740740743
0 0.6278645833333333 0.3907407407407408 0.0046875 0.012962962962962964
0 0.6598958333333333 0.39166666666666666 0.008333333333333333 0.016666666666666666
0 0.7010416666666667 0.3944444444444445 0.005208333333333333 0.014814814814814815
0 0.7114583333333333 0.39583333333333337 0.00625 0.012037037037037037
0 0.7260416666666667 0.3995370370370371 0.00625 0.008333333333333333
0 0.75078125 0.4027777777777778 0.0067708333333333336 0.007407407407407408
0 0.8697916666666666 0.4087962962962963 0.007291666666666667 0.010185185185185186
0 0.8869791666666667 0.4101851851851852 0.007291666666666667 0.009259259259259259
0 0.8953125 0.4115740740740741 0.004166666666666667 0.006481481481481482
0 0.9059895833333333 0.41203703703703703 0.005729166666666666 0.007407407407407408
0 0.9111979166666666 0.4115740740740741 0.005729166666666666 0.008333333333333333
0 0.9169270833333333 0.4101851851851852 0.0046875 0.009259259259259259
0 0.9377604166666667 0.41064814814814815 0.005729166666666666 0.010185185185185186
