0 0.18072916666666666 0.3717592592592593 0.00625 0.015740740740740743
0 0.19895833333333332 0.36944444444444446 0.005208333333333333 0.018518518518518517
0 0.26145833333333335 0.37824074074074077 0.008333333333333333 0.012037037037037037
0 0.3138020833333333 0.37824074074074077 0.0109375 0.019444444444444445
0 0.56015625 0.39166666666666666 0.0078125 0.018518518518518517
0 0.590625 0.39675925925925926 0.010416666666666666 0.017592592592592594
0 0.6236979166666666 0.39583333333333337 0.0036458333333333334 0.015740740740740743
0 0.6315104166666666 0.39722222222222225 0.0067708333333333336 0.014814814814814815
0 0.6622395833333333 0.39861111111111114 0.0067708333333333336 0.017592592592592594
0 0.7041666666666666 0.40231481481481485 0.005208333333333333 0.012037037037037037
0 0.7138020833333333 0.4027777777777778 0.0067708333333333336 0.012962962962962964
0 0.7270833333333333 0.4041666666666667 0.005208333333333333 0.008333333333333333
0 0.7520833333333333 0.4050925925925926 0.00625 0.019444444444444445
0 0.87265625 0.412962962962963 0.0046875 0.011111111111111112
0 0.88828125 0.4138888888888889 0.0067708333333333336 0.009259259259259259
0 0.8976562499999999 0.41481481481481486 0.005729166666666666 0.009259259259259259
0 0.9184895833333333 0.41481481481481486 0.0036458333333333334 0.011111111111111112
0 0.9140625 0.4166666666666667 0.004166666666666667 0.011111111111111112
0 0.9093749999999999 0.4166666666666667 0.004166666666666667 0.005555555555555556
0 0.9416666666666667 0.41574074074074074 0.007291666666666667 0.011111111111111112
