0 0.18307291666666667 0.3912037037037037 0.0067708333333333336 0.019444444444444445
0 0.2 0.3888888888888889 0.005208333333333333 0.020370370370370372
0 0.2630208333333333 0.39537037037037037 0.009375 0.014814814814814815
0 0.31640625 0.39305555555555555 0.009895833333333333 0.021296296296296296
0 0.5619791666666667 0.40601851851851856 0.009375 0.021296296296296296
0 0.59140625 0.40972222222222227 0.013020833333333334 0.021296296296296296
0 0.6260416666666666 0.4115740740740741 0.005208333333333333 0.015740740740740743
0 0.6322916666666667 0.4115740740740741 0.005208333333333333 0.012037037037037037
0 0.6640625 0.4115740740740741 0.005208333333333333 0.015740740740740743
0 0.70625 0.41435185185185186 0.005208333333333333 0.012037037037037037
0 0.71640625 0.4138888888888889 0.0046875 0.012962962962962964
0 0.7302083333333333 0.41620370370370374 0.005208333333333333 0.008333333333333333
0 0.7536458333333333 0.41805555555555557 0.005208333333333333 0.010185185185185186
0 0.8744791666666667 0.4226851851851852 0.005208333333333333 0.010185185185185186
0 0.8911458333333333 0.42314814814814816 0.005208333333333333 0.016666666666666666
0 0.9005208333333333 0.42685185185185187 0.005208333333333333 0.007407407407407408
0 0.9114583333333334 0.425 0.004166666666666667 0.009259259259259259
0 0.9161458333333333 0.425462962962963 0.003125 0.008333333333333333
0 0.9210937499999999 0.4240740740740741 0.005729166666666666 0.009259259259259259
0 0.9432291666666667 0.425 0.005208333333333333 0.009259259259259259
