0 0.18645833333333334 0.4013888888888889 0.008333333333333333 0.01388888888888889
0 0.20572916666666666 0.39675925925925926 0.010416666666666666 0.015740740740740743
0 0.2669270833333333 0.4041666666666667 0.0078125 0.01388888888888889
0 0.3190104166666667 0.40185185185185185 0.009895833333333333 0.022222222222222223
0 0.5645833333333333 0.41250000000000003 0.009375 0.021296296296296296
0 0.5940104166666667 0.4134259259259259 0.0109375 0.021296296296296296
0 0.6265625 0.412962962962963 0.007291666666666667 0.018518518518518517
0 0.6346354166666667 0.4152777777777778 0.0067708333333333336 0.017592592592592594
0 0.6661458333333333 0.41481481481481486 0.011458333333333333 0.020370370370370372
0 0.7080729166666666 0.41481481481481486 0.0078125 0.020370370370370372
0 0.7200520833333334 0.4175925925925926 0.0109375 0.020370370370370372
0 0.7322916666666667 0.41944444444444445 0.005208333333333333 0.011111111111111112
0 0.7559895833333333 0.41805555555555557 0.0046875 0.01388888888888889
0 0.8776041666666666 0.4236111111111111 0.007291666666666667 0.010185185185185186
0 0.89453125 0.4236111111111111 0.0067708333333333336 0.010185185185185186
0 0.9028645833333333 0.42453703703703705 0.0036458333333333334 0.010185185185185186
0 0.9140625 0.42453703703703705 0.005208333333333333 0.008333333333333333
0 0.91953125 0.42685185185185187 0.0046875 0.007407407407407408
0 0.9247395833333333 0.4240740740740741 0.0046875 0.009259259259259259
0 0.9466145833333334 0.425 0.005729166666666666 0.011111111111111112
