0 0.07942708333333333 0.4175925925925926 0.0109375 0.02592592592592593
0 0.24947916666666667 0.40925925925925927 0.016666666666666666 0.05555555555555556
0 0.41901041666666666 0.3976851851851852 0.013020833333333334 0.028703703703703703
0 0.39817708333333335 0.3995370370370371 0.008854166666666666 0.030555555555555558
0 0.3885416666666667 0.3990740740740741 0.008333333333333333 0.03333333333333333
0 0.31796875 0.4050925925925926 0.005729166666666666 0.026851851851851852
0 0.3263020833333333 0.4087962962962963 0.0078125 0.025
0 0.34296875 0.412962962962963 0.0171875 0.014814814814814815
0 0.3671875 0.40324074074074073 0.020833333333333332 0.03796296296296296
1 0.55703125 0.3550925925925926 0.8473958333333333 0.14722222222222223
