1 0.6020833333333333 0.34814814814814815 0.7958333333333333 0.27222222222222225
0 0.21015625 0.46064814814814814 0.0109375 0.012037037037037037
0 0.4278645833333333 0.4277777777777778 0.005729166666666666 0.011111111111111112
0 0.48932291666666666 0.41805555555555557 0.0067708333333333336 0.012037037037037037
0 0.5919270833333333 0.40324074074074073 0.0046875 0.008333333333333333
0 0.5984375 0.4041666666666667 0.005208333333333333 0.010185185185185186
0 0.70546875 0.38333333333333336 0.0046875 0.012962962962962964
0 0.671875 0.38981481481481484 0.004166666666666667 0.012962962962962964
0 0.9213541666666667 0.350462962962963 0.005208333333333333 0.010185185185185186
0 0.9309895833333334 0.34814814814814815 0.005729166666666666 0.011111111111111112
0 0.9020833333333333 0.3550925925925926 0.010416666666666666 0.01388888888888889
