0 0.28619791666666666 0.44027777777777777 0.005729166666666666 0.021296296296296296
0 0.31953125 0.44074074074074077 0.0067708333333333336 0.018518518518518517
0 0.33984375 0.4430555555555556 0.0046875 0.019444444444444445
0 0.3494791666666667 0.4412037037037037 0.00625 0.015740740740740743
0 0.40390624999999997 0.4412037037037037 0.0067708333333333336 0.021296296296296296
0 0.45625 0.4467592592592593 0.008333333333333333 0.010185185185185186
0 0.42291666666666666 0.4439814814814815 0.00625 0.017592592592592594
0 0.4114583333333333 0.4449074074074074 0.00625 0.01388888888888889
0 0.440625 0.4467592592592593 0.005208333333333333 0.006481481481481482
0 0.57265625 0.4486111111111111 0.0046875 0.010185185185185186
0 0.5877604166666667 0.44907407407407407 0.008854166666666666 0.012962962962962964
0 0.5971354166666667 0.45 0.0067708333333333336 0.011111111111111112
0 0.60546875 0.45 0.005729166666666666 0.012962962962962964
0 0.6151041666666667 0.4513888888888889 0.005208333333333333 0.008333333333333333
0 0.6317708333333333 0.45231481481481484 0.004166666666666667 0.008333333333333333
0 0.8364583333333333 0.44583333333333336 0.007291666666666667 0.025
