1 0.25703125 0.3231481481481482 0.4744791666666667 0.20185185185185187
1 0.78984375 0.2925925925925926 0.39010416666666664 0.11666666666666667
0 0.59765625 0.337037037037037 0.009895833333333333 0.014814814814814815
0 0.7638020833333333 0.32453703703703707 0.0036458333333333334 0.010185185185185186
0 0.7731770833333333 0.32222222222222224 0.0046875 0.009259259259259259
0 0.79296875 0.32083333333333336 0.0036458333333333334 0.010185185185185186
0 0.7994791666666666 0.32083333333333336 0.004166666666666667 0.010185185185185186
0 0.8057291666666666 0.3189814814814815 0.005208333333333333 0.010185185185185186
0 0.8296875 0.3162037037037037 0.004166666666666667 0.010185185185185186
0 0.88125 0.31157407407407406 0.003125 0.006481481481481482
