0 0.30625 0.3680555555555556 0.041666666666666664 0.0787037037037037
0 0.5 0.3138888888888889 0.008333333333333333 0.02777777777777778
0 0.61796875 0.29074074074074074 0.009895833333333333 0.037037037037037035
0 0.6861979166666666 0.27592592592592596 0.015104166666666667 0.044444444444444446
0 0.8559895833333333 0.23148148148148148 0.008854166666666666 0.040740740740740744
0 0.7294270833333333 0.2638888888888889 0.008854166666666666 0.03888888888888889
0 0.740625 0.2611111111111111 0.009375 0.03518518518518519
0 0.7598958333333333 0.2569444444444445 0.0125 0.03425925925925926
0 0.7502604166666667 0.2569444444444445 0.0067708333333333336 0.036111111111111115
0 0.7765625 0.25601851851851853 0.008333333333333333 0.02314814814814815
0 0.79296875 0.2490740740740741 0.009895833333333333 0.04259259259259259
0 0.8049479166666667 0.24953703703703706 0.0140625 0.03425925925925926
1 0.7731770833333333 0.2518518518518519 0.4536458333333333 0.11851851851851852
