0 0.171875 0.3736111111111111 0.007291666666666667 0.019444444444444445
0 0.2778645833333333 0.35185185185185186 0.0203125 0.06296296296296297
0 0.30755208333333334 0.35370370370370374 0.021354166666666667 0.022222222222222223
0 0.33984375 0.34444444444444444 0.011979166666666666 0.02592592592592593
0 0.44557291666666665 0.32083333333333336 0.0140625 0.03981481481481482
0 0.39427083333333335 0.33240740740740743 0.011458333333333333 0.02777777777777778
0 0.43333333333333335 0.3226851851851852 0.007291666666666667 0.030555555555555558
0 0.4075520833333333 0.32546296296296295 0.011979166666666666 0.03981481481481482
0 0.41484375 0.32407407407407407 0.011979166666666666 0.03333333333333333
0 0.42213541666666665 0.32407407407407407 0.0109375 0.02592592592592593
0 0.4953125 0.31527777777777777 0.010416666666666666 0.012037037037037037
1 0.6080729166666666 0.25 0.7838541666666666 0.24074074074074076
