0 0.18125 0.34490740740740744 0.009375 0.028703703703703703
0 0.19973958333333333 0.350462962962963 0.011979166666666666 0.03425925925925926
0 0.23645833333333333 0.3523148148148148 0.0125 0.030555555555555558
0 0.2557291666666667 0.35370370370370374 0.009375 0.03518518518518519
0 0.28046875 0.3592592592592593 0.009895833333333333 0.02777777777777778
0 0.32447916666666665 0.36388888888888893 0.008333333333333333 0.02777777777777778
0 0.3484375 0.3712962962962963 0.009375 0.024074074074074074
0 0.37005208333333334 0.3712962962962963 0.009895833333333333 0.02962962962962963
0 0.3890625 0.3763888888888889 0.010416666666666666 0.028703703703703703
0 0.41171874999999997 0.37824074074074077 0.009895833333333333 0.025
0 0.5046875 0.3976851851851852 0.005208333333333333 0.008333333333333333
0 0.5143229166666666 0.3976851851851852 0.005729166666666666 0.010185185185185186
0 0.52109375 0.39861111111111114 0.005729166666666666 0.01388888888888889
0 0.5299479166666666 0.40046296296296297 0.005729166666666666 0.01388888888888889
0 0.5536458333333333 0.40324074074074073 0.004166666666666667 0.010185185185185186
0 0.7361979166666667 0.41944444444444445 0.0078125 0.022222222222222223
1 0.92265625 0.44583333333333336 0.14947916666666666 0.030555555555555558
