0 0.28098958333333335 0.5685185185185185 0.0078125 0.022222222222222223
0 0.29635416666666664 0.5722222222222223 0.008333333333333333 0.02592592592592593
0 0.4041666666666667 0.5717592592592593 0.005208333333333333 0.026851851851851852
0 0.41119791666666666 0.5726851851851852 0.0067708333333333336 0.026851851851851852
0 0.4197916666666667 0.5712962962962963 0.007291666666666667 0.02592592592592593
0 0.47369791666666666 0.575462962962963 0.0078125 0.02314814814814815
0 0.5169270833333334 0.5782407407407407 0.0067708333333333336 0.021296296296296296
0 0.5388020833333333 0.5787037037037037 0.008854166666666666 0.024074074074074074
0 0.5505208333333333 0.5787037037037037 0.009375 0.024074074074074074
0 0.56640625 0.5805555555555556 0.009895833333333333 0.02777777777777778
0 0.6052083333333333 0.5805555555555556 0.010416666666666666 0.024074074074074074
0 0.8971354166666666 0.5861111111111111 0.050520833333333334 0.040740740740740744
0 0.6580729166666667 0.5861111111111111 0.0036458333333333334 0.007407407407407408
0 0.6630208333333333 0.5865740740740741 0.003125 0.008333333333333333
0 0.6690104166666666 0.587962962962963 0.0046875 0.009259259259259259
0 0.6846354166666666 0.5865740740740741 0.005729166666666666 0.012037037037037037
0 0.6911458333333333 0.5861111111111111 0.007291666666666667 0.011111111111111112
0 0.7080729166666666 0.5865740740740741 0.0046875 0.008333333333333333
0 0.7020833333333333 0.587037037037037 0.005208333333333333 0.009259259259259259
