1 0.08359375 0.2675925925925926 0.11822916666666666 0.11111111111111112
1 0.6364583333333333 0.2388888888888889 0.7052083333333333 0.24074074074074076
0 0.14713541666666666 0.3939814814814815 0.09947916666666666 0.11018518518518519
0 0.28020833333333334 0.3013888888888889 0.009375 0.017592592592592594
0 0.4453125 0.2967592592592593 0.004166666666666667 0.010185185185185186
0 0.45677083333333335 0.2972222222222222 0.005208333333333333 0.009259259259259259
0 0.46770833333333334 0.2962962962962963 0.004166666666666667 0.011111111111111112
0 0.47369791666666666 0.2967592592592593 0.0046875 0.010185185185185186
0 0.54921875 0.29444444444444445 0.0036458333333333334 0.007407407407407408
0 0.5901041666666667 0.2935185185185185 0.004166666666666667 0.007407407407407408
