0 0.390625 0.425462962962963 0.11458333333333333 0.08796296296296297
0 0.7463541666666667 0.3962962962962963 0.017708333333333333 0.012962962962962964
0 0.22291666666666665 0.4439814814814815 0.005208333333333333 0.010185185185185186
0 0.2877604166666667 0.4351851851851852 0.005729166666666666 0.012962962962962964
0 0.08515625 0.45740740740740743 0.0036458333333333334 0.009259259259259259
0 0.090625 0.45555555555555555 0.003125 0.009259259259259259
0 0.12213541666666666 0.4527777777777778 0.0036458333333333334 0.009259259259259259
0 0.65859375 0.4027777777777778 0.0067708333333333336 0.009259259259259259
0 0.5723958333333333 0.4083333333333333 0.005208333333333333 0.011111111111111112
0 0.5807291666666666 0.4064814814814815 0.005208333333333333 0.009259259259259259
