0 0.3888020833333333 0.4138888888888889 0.10781249999999999 0.0925925925925926
0 0.7484375 0.39166666666666666 0.015625 0.016666666666666666
0 0.6591145833333333 0.39351851851851855 0.0067708333333333336 0.011111111111111112
0 0.5736979166666667 0.40092592592592596 0.005729166666666666 0.009259259259259259
0 0.58125 0.3990740740740741 0.004166666666666667 0.009259259259259259
0 0.2877604166666667 0.4236111111111111 0.0046875 0.012037037037037037
0 0.22239583333333332 0.42962962962962964 0.004166666666666667 0.011111111111111112
0 0.08515625 0.44074074074074077 0.0036458333333333334 0.011111111111111112
0 0.09088541666666666 0.4388888888888889 0.0036458333333333334 0.009259259259259259
0 0.12317708333333333 0.437962962962963 0.0036458333333333334 0.011111111111111112
