0 0.4036458333333333 0.29583333333333334 0.11354166666666667 0.08796296296296297
0 0.76953125 0.32453703703703707 0.0203125 0.015740740740740743
0 0.6734375 0.3125 0.00625 0.015740740740740743
0 0.5846354166666666 0.30648148148148147 0.0046875 0.011111111111111112
0 0.5932291666666667 0.3050925925925926 0.005208333333333333 0.01388888888888889
0 0.29791666666666666 0.2888888888888889 0.005208333333333333 0.016666666666666666
0 0.28671875 0.287962962962963 0.0046875 0.012962962962962964
0 0.23229166666666667 0.28703703703703703 0.005208333333333333 0.011111111111111112
0 0.09401041666666667 0.27685185185185185 0.0046875 0.012962962962962964
0 0.10104166666666667 0.27824074074074073 0.003125 0.012037037037037037
0 0.13307291666666665 0.2814814814814815 0.0036458333333333334 0.009259259259259259
