0 0.40546875 0.287962962962963 0.1140625 0.09074074074074075
0 0.77265625 0.32175925925925924 0.019270833333333334 0.015740740740740743
0 0.6765625 0.3078703703703704 0.005208333333333333 0.012037037037037037
0 0.5872395833333334 0.30092592592592593 0.0046875 0.012962962962962964
0 0.5955729166666667 0.2990740740740741 0.0046875 0.012962962962962964
0 0.30026041666666664 0.2796296296296296 0.0046875 0.014814814814814815
0 0.2890625 0.2796296296296296 0.005208333333333333 0.012962962962962964
0 0.23411458333333332 0.27731481481481485 0.0046875 0.012037037037037037
0 0.09635416666666667 0.2657407407407408 0.004166666666666667 0.012962962962962964
0 0.10416666666666667 0.26666666666666666 0.003125 0.011111111111111112
0 0.13619791666666667 0.27037037037037037 0.0036458333333333334 0.009259259259259259
