0 0.40781249999999997 0.27592592592592596 0.1125 0.0925925925925926
0 0.7783854166666666 0.3138888888888889 0.0171875 0.016666666666666666
0 0.6802083333333333 0.3013888888888889 0.005208333333333333 0.015740740740740743
0 0.5901041666666667 0.2949074074074074 0.004166666666666667 0.012037037037037037
0 0.5986979166666666 0.2939814814814815 0.0046875 0.012037037037037037
0 0.6390625 0.2967592592592593 0.004166666666666667 0.010185185185185186
0 0.30364583333333334 0.27175925925925926 0.005208333333333333 0.012037037037037037
0 0.2921875 0.26990740740740743 0.004166666666666667 0.012037037037037037
0 0.23723958333333334 0.26712962962962966 0.0036458333333333334 0.010185185185185186
0 0.09921875 0.25416666666666665 0.0036458333333333334 0.010185185185185186
0 0.10677083333333333 0.25416666666666665 0.003125 0.008333333333333333
0 0.1390625 0.25833333333333336 0.004166666666666667 0.009259259259259259
