0 0.4106770833333333 0.27175925925925926 0.11302083333333333 0.09537037037037037
0 0.7807291666666667 0.3138888888888889 0.01875 0.016666666666666666
0 0.6822916666666666 0.30092592592592593 0.005208333333333333 0.011111111111111112
0 0.5924479166666666 0.2898148148148148 0.0036458333333333334 0.009259259259259259
0 0.6013020833333333 0.2898148148148148 0.0046875 0.009259259259259259
0 0.64140625 0.29305555555555557 0.0046875 0.010185185185185186
0 0.24010416666666667 0.2587962962962963 0.004166666666666667 0.012037037037037037
0 0.3067708333333333 0.26342592592592595 0.005208333333333333 0.012037037037037037
0 0.2947916666666667 0.26157407407407407 0.005208333333333333 0.012037037037037037
0 0.10208333333333333 0.2449074074074074 0.004166666666666667 0.01388888888888889
0 0.11015625 0.24629629629629632 0.0036458333333333334 0.009259259259259259
0 0.14270833333333333 0.25 0.003125 0.009259259259259259
