0 0.41354166666666664 0.26851851851851855 0.1125 0.09074074074074075
0 0.7854166666666667 0.31342592592592594 0.01875 0.01388888888888889
0 0.6864583333333333 0.2986111111111111 0.005208333333333333 0.012037037037037037
0 0.5955729166666667 0.28750000000000003 0.0036458333333333334 0.010185185185185186
0 0.6049479166666667 0.2865740740740741 0.0046875 0.010185185185185186
0 0.30963541666666666 0.2601851851851852 0.0067708333333333336 0.012962962962962964
0 0.29791666666666666 0.2574074074074074 0.005208333333333333 0.012962962962962964
0 0.24322916666666666 0.25416666666666665 0.004166666666666667 0.012037037037037037
0 0.10625 0.24120370370370373 0.004166666666666667 0.012037037037037037
0 0.11380208333333333 0.23981481481481481 0.0036458333333333334 0.011111111111111112
0 0.14557291666666666 0.24444444444444446 0.0036458333333333334 0.009259259259259259
