0 0.41770833333333335 0.26342592592592595 0.11354166666666667 0.08981481481481482
0 0.78984375 0.3125 0.021354166666666667 0.015740740740740743
0 0.6901041666666666 0.29583333333333334 0.004166666666666667 0.012037037037037037
0 0.59765625 0.28703703703703703 0.0036458333333333334 0.009259259259259259
0 0.6072916666666667 0.28703703703703703 0.004166666666666667 0.009259259259259259
0 0.6463541666666667 0.29074074074074074 0.004166666666666667 0.009259259259259259
0 0.3130208333333333 0.2550925925925926 0.005208333333333333 0.012037037037037037
0 0.24583333333333332 0.2490740740740741 0.004166666666666667 0.011111111111111112
0 0.11015625 0.2337962962962963 0.0036458333333333334 0.012037037037037037
0 0.11796875 0.23287037037037037 0.0036458333333333334 0.010185185185185186
0 0.14921875 0.23935185185185187 0.0036458333333333334 0.008333333333333333
