0 0.4205729166666667 0.2606481481481482 0.11302083333333333 0.09351851851851853
0 0.7947916666666667 0.312962962962963 0.017708333333333333 0.014814814814814815
0 0.6927083333333334 0.2935185185185185 0.005208333333333333 0.012962962962962964
0 0.6013020833333333 0.28425925925925927 0.0046875 0.009259259259259259
0 0.6109375 0.28564814814814815 0.004166666666666667 0.012037037037037037
0 0.31640625 0.2523148148148148 0.005729166666666666 0.012037037037037037
0 0.24947916666666667 0.24675925925925926 0.004166666666666667 0.012037037037037037
0 0.1140625 0.2300925925925926 0.003125 0.008333333333333333
0 0.121875 0.2300925925925926 0.004166666666666667 0.010185185185185186
0 0.153125 0.23425925925925928 0.004166666666666667 0.009259259259259259
