0 0.42343749999999997 0.2601851851851852 0.11354166666666667 0.0962962962962963
0 0.7981770833333334 0.3175925925925926 0.019270833333333334 0.014814814814814815
0 0.6958333333333333 0.2986111111111111 0.00625 0.01388888888888889
0 0.6041666666666666 0.28750000000000003 0.005208333333333333 0.012037037037037037
0 0.6140625 0.2888888888888889 0.005208333333333333 0.011111111111111112
0 0.15677083333333333 0.23611111111111113 0.004166666666666667 0.007407407407407408
0 0.253125 0.24583333333333335 0.003125 0.012037037037037037
0 0.31979166666666664 0.25277777777777777 0.005208333333333333 0.012962962962962964
0 0.11770833333333333 0.2300925925925926 0.005208333333333333 0.012037037037037037
0 0.12552083333333333 0.22962962962962963 0.003125 0.009259259259259259
