0 0.42578125 0.26435185185185184 0.11197916666666667 0.09722222222222222
0 0.8026041666666667 0.3189814814814815 0.01875 0.015740740740740743
0 0.60703125 0.2884259259259259 0.0046875 0.010185185185185186
0 0.6174479166666667 0.2898148148148148 0.005729166666666666 0.011111111111111112
0 0.6986979166666667 0.2986111111111111 0.0067708333333333336 0.015740740740740743
0 0.32265625 0.2537037037037037 0.0046875 0.014814814814814815
0 0.25546875 0.24675925925925926 0.0046875 0.012037037037037037
0 0.1203125 0.23148148148148148 0.004166666666666667 0.011111111111111112
0 0.1296875 0.2300925925925926 0.004166666666666667 0.010185185185185186
0 0.16119791666666666 0.23564814814814816 0.0046875 0.010185185185185186
