0 0.42890625 0.26944444444444443 0.1140625 0.09074074074074075
0 0.8065104166666667 0.3231481481481482 0.0203125 0.014814814814814815
0 0.7026041666666667 0.30462962962962964 0.005208333333333333 0.011111111111111112
0 0.6104166666666666 0.2939814814814815 0.004166666666666667 0.008333333333333333
0 0.6197916666666666 0.29305555555555557 0.004166666666666667 0.010185185185185186
0 0.32526041666666666 0.2587962962962963 0.005729166666666666 0.012037037037037037
0 0.2591145833333333 0.25 0.0036458333333333334 0.011111111111111112
0 0.12421875 0.23564814814814816 0.0026041666666666665 0.008333333333333333
0 0.13385416666666666 0.23425925925925928 0.003125 0.009259259259259259
0 0.16484375 0.24027777777777778 0.0036458333333333334 0.010185185185185186
