0 0.3924479166666667 0.3962962962962963 0.10989583333333333 0.08333333333333334
0 0.22317708333333333 0.41435185185185186 0.0046875 0.01388888888888889
0 0.28828125 0.4087962962962963 0.0046875 0.010185185185185186
0 0.5729166666666666 0.3902777777777778 0.005208333333333333 0.012037037037037037
0 0.5807291666666666 0.38796296296296295 0.005208333333333333 0.009259259259259259
0 0.6598958333333333 0.3837962962962963 0.00625 0.01388888888888889
0 0.7494791666666667 0.38472222222222224 0.016666666666666666 0.015740740740740743
0 0.08567708333333333 0.42083333333333334 0.0036458333333333334 0.01388888888888889
0 0.09114583333333333 0.4203703703703704 0.003125 0.011111111111111112
0 0.12291666666666666 0.41944444444444445 0.003125 0.009259259259259259
