0 0.4317708333333333 0.2763888888888889 0.11354166666666667 0.09166666666666667
0 0.32786458333333335 0.2625 0.005729166666666666 0.01388888888888889
0 0.26197916666666665 0.25601851851851853 0.005208333333333333 0.015740740740740743
0 0.13645833333333332 0.2388888888888889 0.004166666666666667 0.011111111111111112
0 0.16796875 0.24675925925925926 0.005729166666666666 0.012037037037037037
0 0.12838541666666667 0.24120370370370373 0.0026041666666666665 0.006481481481481482
0 0.61328125 0.2986111111111111 0.005729166666666666 0.012037037037037037
0 0.6221354166666666 0.2976851851851852 0.0036458333333333334 0.010185185185185186
0 0.70546875 0.3078703703703704 0.0046875 0.01388888888888889
0 0.81015625 0.3277777777777778 0.021354166666666667 0.016666666666666666
