0 0.434375 0.28055555555555556 0.11458333333333333 0.0925925925925926
0 0.81484375 0.33472222222222225 0.019270833333333334 0.017592592592592594
0 0.7075520833333333 0.31712962962962965 0.005729166666666666 0.010185185185185186
0 0.6161458333333333 0.3060185185185185 0.004166666666666667 0.008333333333333333
0 0.6252604166666667 0.30648148148148147 0.0026041666666666665 0.005555555555555556
0 0.33151041666666664 0.27222222222222225 0.005729166666666666 0.012962962962962964
0 0.32057291666666665 0.27175925925925926 0.0078125 0.012037037037037037
0 0.26536458333333335 0.26666666666666666 0.005729166666666666 0.012962962962962964
0 0.13177083333333334 0.2513888888888889 0.003125 0.008333333333333333
0 0.14088541666666665 0.25 0.0036458333333333334 0.009259259259259259
0 0.17161458333333332 0.2564814814814815 0.0036458333333333334 0.007407407407407408
