0 0.43697916666666664 0.2888888888888889 0.11458333333333333 0.0925925925925926
0 0.8177083333333334 0.34074074074074073 0.020833333333333332 0.016666666666666666
0 0.7114583333333333 0.32083333333333336 0.005208333333333333 0.015740740740740743
0 0.6184895833333334 0.31157407407407406 0.0046875 0.012037037037037037
0 0.6276041666666666 0.3125 0.004166666666666667 0.012037037037037037
0 0.3346354166666667 0.2800925925925926 0.005729166666666666 0.015740740740740743
0 0.2677083333333333 0.27361111111111114 0.004166666666666667 0.01388888888888889
0 0.13541666666666666 0.25925925925925924 0.003125 0.007407407407407408
0 0.14453125 0.2601851851851852 0.0036458333333333334 0.009259259259259259
0 0.17578125 0.26435185185185184 0.0036458333333333334 0.010185185185185186
0 0.3234375 0.2814814814814815 0.00625 0.014814814814814815
