0 0.43984375 0.300462962962963 0.11197916666666667 0.09351851851851853
0 0.821875 0.34814814814814815 0.019791666666666666 0.014814814814814815
0 0.7140625 0.3314814814814815 0.005208333333333333 0.011111111111111112
0 0.62109375 0.32222222222222224 0.0046875 0.011111111111111112
0 0.6296875 0.3199074074074074 0.00625 0.015740740740740743
0 0.2713541666666667 0.2851851851851852 0.005208333333333333 0.016666666666666666
0 0.32578125 0.29212962962962963 0.005729166666666666 0.01388888888888889
0 0.3372395833333333 0.2916666666666667 0.0067708333333333336 0.014814814814814815
0 0.14010416666666667 0.2726851851851852 0.004166666666666667 0.012037037037037037
0 0.1484375 0.27222222222222225 0.004166666666666667 0.011111111111111112
0 0.18046875 0.27685185185185185 0.005729166666666666 0.011111111111111112
