0 0.4434895833333333 0.3125 0.11197916666666667 0.09351851851851853
0 0.71640625 0.33935185185185185 0.0067708333333333336 0.01388888888888889
0 0.62265625 0.3300925925925926 0.005729166666666666 0.012037037037037037
0 0.6328125 0.3314814814814815 0.005208333333333333 0.011111111111111112
0 0.34010416666666665 0.3050925925925926 0.00625 0.012037037037037037
0 0.32838541666666665 0.30324074074074076 0.0067708333333333336 0.015740740740740743
0 0.27421875 0.2986111111111111 0.0046875 0.012037037037037037
0 0.18203125 0.29120370370370374 0.0036458333333333334 0.010185185185185186
0 0.14296875 0.2865740740740741 0.0036458333333333334 0.010185185185185186
0 0.15182291666666667 0.2888888888888889 0.0036458333333333334 0.007407407407407408
