0 0.44479166666666664 0.3194444444444445 0.1125 0.08703703703703704
0 0.8291666666666666 0.3615740740740741 0.019791666666666666 0.01388888888888889
0 0.7192708333333333 0.3462962962962963 0.004166666666666667 0.009259259259259259
0 0.6260416666666666 0.3388888888888889 0.004166666666666667 0.011111111111111112
0 0.634375 0.3388888888888889 0.005208333333333333 0.011111111111111112
0 0.3424479166666667 0.31574074074074077 0.005729166666666666 0.014814814814814815
0 0.27708333333333335 0.3106481481481482 0.005208333333333333 0.015740740740740743
0 0.14609375 0.30092592592592593 0.0026041666666666665 0.007407407407407408
0 0.15546875 0.3013888888888889 0.0036458333333333334 0.008333333333333333
0 0.18567708333333333 0.3050925925925926 0.0036458333333333334 0.008333333333333333
0 0.33125 0.31574074074074077 0.00625 0.011111111111111112
