0 0.4473958333333333 0.33611111111111114 0.1125 0.09074074074074075
0 0.8317708333333333 0.3699074074074074 0.020833333333333332 0.015740740740740743
0 0.72109375 0.35833333333333334 0.005729166666666666 0.011111111111111112
0 0.6377604166666666 0.3509259259259259 0.0046875 0.011111111111111112
0 0.6278645833333333 0.34953703703703703 0.0046875 0.010185185185185186
0 0.3450520833333333 0.33287037037037037 0.0067708333333333336 0.012037037037037037
0 0.3341145833333333 0.33240740740740743 0.005729166666666666 0.012962962962962964
0 0.2796875 0.3282407407407408 0.005208333333333333 0.012037037037037037
0 0.14973958333333334 0.32037037037037036 0.0026041666666666665 0.009259259259259259
0 0.15859375 0.3199074074074074 0.0026041666666666665 0.008333333333333333
0 0.1890625 0.3231481481481482 0.003125 0.009259259259259259
