0 0.45 0.3462962962962963 0.11145833333333333 0.08518518518518518
0 0.8348958333333333 0.3763888888888889 0.021875 0.01388888888888889
0 0.7236979166666666 0.3662037037037037 0.0046875 0.01388888888888889
0 0.34713541666666664 0.3472222222222222 0.0067708333333333336 0.011111111111111112
0 0.3359375 0.3472222222222222 0.007291666666666667 0.012962962962962964
0 0.2817708333333333 0.34305555555555556 0.004166666666666667 0.01388888888888889
0 0.153125 0.33796296296296297 0.003125 0.009259259259259259
0 0.16145833333333334 0.3365740740740741 0.003125 0.008333333333333333
0 0.63046875 0.3597222222222222 0.0036458333333333334 0.008333333333333333
0 0.6390625 0.3601851851851852 0.004166666666666667 0.009259259259259259
