0 0.3919270833333333 0.38287037037037036 0.11197916666666667 0.08796296296296297
0 0.7505208333333333 0.3768518518518519 0.017708333333333333 0.014814814814814815
0 0.6606770833333333 0.37592592592592594 0.005729166666666666 0.012962962962962964
0 0.57421875 0.3791666666666667 0.0046875 0.012037037037037037
0 0.58203125 0.3768518518518519 0.0046875 0.011111111111111112
0 0.28854166666666664 0.39166666666666666 0.005208333333333333 0.012962962962962964
0 0.22265625 0.39675925925925926 0.0046875 0.012037037037037037
0 0.08541666666666667 0.40185185185185185 0.004166666666666667 0.011111111111111112
0 0.09088541666666666 0.40092592592592596 0.0036458333333333334 0.012962962962962964
0 0.12239583333333333 0.4 0.004166666666666667 0.011111111111111112
