0 0.4692708333333333 0.46435185185185185 0.1125 0.08981481481481482
0 0.30390625 0.500925925925926 0.005729166666666666 0.016666666666666666
0 0.3671875 0.4916666666666667 0.0020833333333333333 0.009259259259259259
0 0.3575520833333333 0.4916666666666667 0.0026041666666666665 0.007407407407407408
0 0.18229166666666666 0.5263888888888889 0.004166666666666667 0.01388888888888889
0 0.190625 0.524537037037037 0.004166666666666667 0.010185185185185186
0 0.21822916666666667 0.5185185185185185 0.004166666666666667 0.011111111111111112
0 0.8677083333333333 0.40601851851851856 0.020833333333333332 0.017592592592592594
0 0.7442708333333333 0.42083333333333334 0.004166666666666667 0.01388888888888889
0 0.371875 0.4898148148148148 0.0020833333333333333 0.007407407407407408
