0 0.47109375 0.4740740740740741 0.10885416666666667 0.09074074074074075
0 0.8703124999999999 0.40555555555555556 0.020833333333333332 0.018518518518518517
0 0.30572916666666666 0.5115740740740741 0.00625 0.01388888888888889
0 0.36796875 0.500925925925926 0.0036458333333333334 0.007407407407407408
0 0.359375 0.5013888888888889 0.005208333333333333 0.008333333333333333
0 0.18307291666666667 0.5393518518518519 0.0046875 0.010185185185185186
0 0.19192708333333333 0.5370370370370371 0.0036458333333333334 0.009259259259259259
0 0.22083333333333333 0.5314814814814816 0.004166666666666667 0.009259259259259259
0 0.74609375 0.4217592592592593 0.0036458333333333334 0.012037037037037037
0 0.3736979166666667 0.4967592592592593 0.0036458333333333334 0.008333333333333333
