0 0.3932291666666667 0.3712962962962963 0.1125 0.08703703703703704
0 0.7526041666666666 0.3703703703703704 0.01875 0.016666666666666666
0 0.6611979166666666 0.3680555555555556 0.0067708333333333336 0.01388888888888889
0 0.5747395833333333 0.36944444444444446 0.0046875 0.011111111111111112
0 0.5828125 0.36712962962962964 0.004166666666666667 0.010185185185185186
0 0.28880208333333335 0.3768518518518519 0.0046875 0.014814814814814815
0 0.22291666666666665 0.38101851851851853 0.004166666666666667 0.01388888888888889
0 0.08541666666666667 0.3837962962962963 0.004166666666666667 0.012037037037037037
0 0.09166666666666666 0.38287037037037036 0.003125 0.012037037037037037
0 0.12395833333333334 0.38287037037037036 0.004166666666666667 0.012037037037037037
