0 0.47161458333333334 0.4810185185185185 0.10989583333333333 0.09351851851851853
0 0.8723958333333334 0.4046296296296297 0.01875 0.014814814814814815
0 0.746875 0.4240740740740741 0.004166666666666667 0.012962962962962964
0 0.30625 0.5189814814814815 0.005208333333333333 0.012037037037037037
0 0.3692708333333333 0.5050925925925926 0.004166666666666667 0.010185185185185186
0 0.36015625 0.5064814814814815 0.0046875 0.007407407407407408
0 0.37526041666666665 0.5032407407407408 0.0046875 0.010185185185185186
0 0.19375 0.5458333333333334 0.005208333333333333 0.012037037037037037
0 0.18489583333333334 0.549074074074074 0.004166666666666667 0.009259259259259259
0 0.22213541666666667 0.5407407407407407 0.0036458333333333334 0.009259259259259259
