0 0.47291666666666665 0.4851851851851852 0.11041666666666666 0.09444444444444444
0 0.8744791666666667 0.3990740740740741 0.020833333333333332 0.011111111111111112
0 0.7484375 0.4236111111111111 0.007291666666666667 0.010185185185185186
0 0.37135416666666665 0.5106481481481482 0.005208333333333333 0.010185185185185186
0 0.37604166666666666 0.5069444444444444 0.005208333333333333 0.012037037037037037
0 0.36302083333333335 0.5120370370370371 0.005208333333333333 0.009259259259259259
0 0.3098958333333333 0.5263888888888889 0.005208333333333333 0.010185185185185186
0 0.19609375 0.5541666666666667 0.0036458333333333334 0.008333333333333333
0 0.18645833333333334 0.5555555555555556 0.004166666666666667 0.009259259259259259
0 0.22395833333333334 0.5476851851851852 0.004166666666666667 0.010185185185185186
