0 0.3932291666666667 0.3564814814814815 0.1125 0.08703703703703704
0 0.7541666666666667 0.36203703703703705 0.01875 0.014814814814814815
0 0.6625 0.3578703703703704 0.00625 0.012037037037037037
0 0.57578125 0.3578703703703704 0.0036458333333333334 0.012037037037037037
0 0.2895833333333333 0.36064814814814816 0.005208333333333333 0.01388888888888889
0 0.22395833333333334 0.36435185185185187 0.004166666666666667 0.012037037037037037
0 0.08619791666666667 0.36435185185185187 0.0036458333333333334 0.012037037037037037
0 0.09270833333333334 0.36342592592592593 0.003125 0.01388888888888889
0 0.12421875 0.3648148148148148 0.0046875 0.011111111111111112
0 0.27760416666666665 0.3611111111111111 0.005208333333333333 0.012962962962962964
0 0.58359375 0.35555555555555557 0.0046875 0.011111111111111112
