0 0.19505208333333332 0.5527777777777778 0.005729166666666666 0.011111111111111112
0 0.203125 0.5504629629629629 0.003125 0.006481481481481482
0 0.23177083333333334 0.5430555555555556 0.004166666666666667 0.008333333333333333
0 0.3145833333333333 0.5189814814814815 0.005208333333333333 0.012037037037037037
0 0.3833333333333333 0.4981481481481482 0.005208333333333333 0.009259259259259259
0 0.3768229166666667 0.5027777777777778 0.005729166666666666 0.009259259259259259
0 0.4778645833333333 0.4708333333333333 0.1109375 0.09722222222222222
0 0.7544270833333333 0.3990740740740741 0.0036458333333333334 0.007407407407407408
0 0.6572916666666666 0.42638888888888893 0.004166666666666667 0.006481481481481482
0 0.6674479166666667 0.4222222222222222 0.0026041666666666665 0.007407407407407408
0 0.8877604166666666 0.3689814814814815 0.0234375 0.019444444444444445
