0 0.47552083333333334 0.40694444444444444 0.11354166666666667 0.08981481481481482
0 0.19140625 0.4712962962962963 0.005729166666666666 0.016666666666666666
0 0.19921875 0.47175925925925927 0.0046875 0.012037037037037037
0 0.22786458333333334 0.4638888888888889 0.005729166666666666 0.009259259259259259
0 0.3106770833333333 0.44722222222222224 0.0067708333333333336 0.011111111111111112
0 0.37265625 0.4365740740740741 0.0046875 0.008333333333333333
0 0.3651041666666667 0.4365740740740741 0.005208333333333333 0.004629629629629629
0 0.37994791666666666 0.4351851851851852 0.0036458333333333334 0.007407407407407408
0 0.75390625 0.3680555555555556 0.0046875 0.008333333333333333
0 0.8966145833333333 0.34675925925925927 0.0203125 0.017592592592592594
