0 0.18984375 0.4587962962962963 0.0036458333333333334 0.015740740740740743
0 0.19895833333333332 0.4587962962962963 0.004166666666666667 0.010185185185185186
0 0.22630208333333332 0.4550925925925926 0.0036458333333333334 0.010185185185185186
0 0.31015625 0.4388888888888889 0.005729166666666666 0.012962962962962964
0 0.37265625 0.4277777777777778 0.0046875 0.011111111111111112
0 0.36484375 0.4291666666666667 0.0067708333333333336 0.008333333333333333
0 0.37864583333333335 0.4273148148148148 0.004166666666666667 0.006481481481481482
0 0.475 0.40694444444444444 0.11354166666666667 0.08981481481481482
0 0.7544270833333333 0.3662037037037037 0.0036458333333333334 0.010185185185185186
0 0.89609375 0.3472222222222222 0.022395833333333334 0.020370370370370372
