0 0.39557291666666666 0.3416666666666667 0.11302083333333333 0.08518518518518518
0 0.75703125 0.35185185185185186 0.019270833333333334 0.016666666666666666
0 0.6638020833333333 0.3458333333333333 0.005729166666666666 0.01388888888888889
0 0.5768229166666666 0.3453703703703704 0.0046875 0.011111111111111112
0 0.5846354166666666 0.34305555555555556 0.0046875 0.012037037037037037
0 0.2796875 0.3458333333333333 0.005208333333333333 0.01388888888888889
0 0.290625 0.34490740740740744 0.005208333333333333 0.01388888888888889
0 0.225 0.3458333333333333 0.005208333333333333 0.01388888888888889
0 0.12552083333333333 0.3458333333333333 0.004166666666666667 0.012037037037037037
0 0.08697916666666666 0.34351851851851856 0.004166666666666667 0.012962962962962964
0 0.09322916666666667 0.3439814814814815 0.004166666666666667 0.010185185185185186
