0 0.18880208333333334 0.4310185185185185 0.0078125 0.01388888888888889
0 0.1984375 0.4291666666666667 0.005208333333333333 0.01388888888888889
0 0.2265625 0.42638888888888893 0.00625 0.015740740740740743
0 0.31015625 0.4152777777777778 0.0078125 0.017592592592592594
0 0.37265625 0.40370370370370373 0.005729166666666666 0.011111111111111112
0 0.3796875 0.4027777777777778 0.004166666666666667 0.007407407407407408
0 0.3651041666666667 0.4041666666666667 0.00625 0.006481481481481482
0 0.4752604166666667 0.3856481481481482 0.1109375 0.08981481481481482
0 0.7541666666666667 0.3550925925925926 0.005208333333333333 0.008333333333333333
0 0.89921875 0.34305555555555556 0.021354166666666667 0.015740740740740743
