0 0.18932291666666667 0.41481481481481486 0.0067708333333333336 0.016666666666666666
0 0.19869791666666667 0.4134259259259259 0.0036458333333333334 0.012037037037037037
0 0.31015625 0.4013888888888889 0.0067708333333333336 0.012037037037037037
0 0.22630208333333332 0.4101851851851852 0.0036458333333333334 0.007407407407407408
0 0.37265625 0.39305555555555555 0.0046875 0.010185185185185186
0 0.3640625 0.3925925925925926 0.005208333333333333 0.011111111111111112
0 0.3802083333333333 0.39212962962962966 0.005208333333333333 0.008333333333333333
0 0.47630208333333335 0.375462962962963 0.11302083333333333 0.08981481481481482
0 0.7559895833333333 0.34953703703703703 0.0046875 0.010185185185185186
0 0.90078125 0.33935185185185185 0.0234375 0.017592592592592594
