0 0.19010416666666666 0.4027777777777778 0.00625 0.018518518518518517
0 0.19895833333333332 0.4 0.004166666666666667 0.012962962962962964
0 0.2265625 0.39675925925925926 0.005208333333333333 0.008333333333333333
0 0.3091145833333333 0.3888888888888889 0.0036458333333333334 0.012962962962962964
0 0.38046875 0.3824074074074074 0.005729166666666666 0.011111111111111112
0 0.37265625 0.3819444444444445 0.0046875 0.012037037037037037
0 0.3638020833333333 0.38333333333333336 0.0078125 0.011111111111111112
0 0.47604166666666664 0.3675925925925926 0.1125 0.08703703703703704
0 0.7567708333333333 0.34675925925925927 0.005208333333333333 0.008333333333333333
0 0.9033854166666666 0.33796296296296297 0.0234375 0.020370370370370372
