0 0.19010416666666666 0.3902777777777778 0.00625 0.012037037037037037
0 0.19947916666666665 0.38796296296296295 0.005208333333333333 0.011111111111111112
0 0.31015625 0.37962962962962965 0.0046875 0.014814814814814815
0 0.22682291666666665 0.3851851851851852 0.0036458333333333334 0.007407407407407408
0 0.3815104166666667 0.3731481481481482 0.005729166666666666 0.014814814814814815
0 0.37395833333333334 0.3703703703703704 0.005208333333333333 0.014814814814814815
0 0.365625 0.3726851851851852 0.007291666666666667 0.008333333333333333
0 0.4770833333333333 0.3564814814814815 0.1125 0.08703703703703704
0 0.7580729166666667 0.34305555555555556 0.0036458333333333334 0.006481481481481482
0 0.9054687499999999 0.33564814814814814 0.0234375 0.021296296296296296
