0 0.19114583333333332 0.3763888888888889 0.00625 0.015740740740740743
0 0.20078125 0.3736111111111111 0.005729166666666666 0.01388888888888889
0 0.22708333333333333 0.3712962962962963 0.004166666666666667 0.009259259259259259
0 0.3111979166666667 0.3666666666666667 0.005729166666666666 0.009259259259259259
0 0.38177083333333334 0.36064814814814816 0.00625 0.010185185185185186
0 0.37421875 0.3615740740740741 0.0046875 0.01388888888888889
0 0.36666666666666664 0.3615740740740741 0.00625 0.008333333333333333
0 0.4783854166666667 0.34814814814814815 0.1109375 0.08333333333333334
0 0.7588541666666666 0.3402777777777778 0.004166666666666667 0.008333333333333333
0 0.9083333333333333 0.33564814814814814 0.026041666666666668 0.019444444444444445
