0 0.3963541666666667 0.3300925925925926 0.1125 0.08611111111111111
0 0.7596354166666667 0.34490740740740744 0.019270833333333334 0.015740740740740743
0 0.6661458333333333 0.33796296296296297 0.005208333333333333 0.011111111111111112
0 0.5786458333333333 0.33564814814814814 0.004166666666666667 0.010185185185185186
0 0.5864583333333333 0.33564814814814814 0.005208333333333333 0.008333333333333333
0 0.2921875 0.3300925925925926 0.005208333333333333 0.015740740740740743
0 0.28098958333333335 0.33101851851851855 0.0046875 0.012037037037037037
0 0.22604166666666667 0.33101851851851855 0.004166666666666667 0.012037037037037037
0 0.12682291666666667 0.32962962962962966 0.0036458333333333334 0.011111111111111112
0 0.08802083333333333 0.32592592592592595 0.004166666666666667 0.014814814814814815
0 0.09505208333333333 0.32685185185185184 0.0046875 0.011111111111111112
