0 0.39739583333333334 0.3162037037037037 0.11458333333333333 0.08611111111111111
0 0.7627604166666666 0.3365740740740741 0.01614583333333333 0.015740740740740743
0 0.6682291666666667 0.32916666666666666 0.005208333333333333 0.012037037037037037
0 0.5796875 0.3226851851851852 0.004166666666666667 0.012037037037037037
0 0.58828125 0.32407407407407407 0.005729166666666666 0.012962962962962964
0 0.2942708333333333 0.31527777777777777 0.005208333333333333 0.01388888888888889
0 0.2830729166666667 0.3148148148148148 0.005729166666666666 0.012962962962962964
0 0.22760416666666666 0.31527777777777777 0.005208333333333333 0.012037037037037037
0 0.08984375 0.3078703703703704 0.0046875 0.012037037037037037
0 0.09661458333333334 0.30833333333333335 0.0036458333333333334 0.011111111111111112
0 0.12864583333333332 0.3111111111111111 0.004166666666666667 0.011111111111111112
