0 0.4 0.30324074074074076 0.11145833333333333 0.08611111111111111
0 0.7653645833333333 0.3287037037037037 0.0203125 0.014814814814814815
0 0.67109375 0.3194444444444445 0.005729166666666666 0.012962962962962964
0 0.58203125 0.3148148148148148 0.0046875 0.011111111111111112
0 0.5908854166666666 0.3138888888888889 0.005729166666666666 0.011111111111111112
0 0.29609375 0.3013888888888889 0.0046875 0.01388888888888889
0 0.284375 0.3 0.004166666666666667 0.012962962962962964
0 0.23020833333333332 0.2990740740740741 0.005208333333333333 0.011111111111111112
0 0.09244791666666667 0.2898148148148148 0.0046875 0.012962962962962964
0 0.09895833333333333 0.29074074074074074 0.003125 0.012962962962962964
0 0.13072916666666667 0.2949074074074074 0.004166666666666667 0.010185185185185186
