0 0.862240 0.307407 0.005729 0.009259
0 0.605729 0.300000 0.007292 0.016667
0 0.871354 0.307407 0.007292 0.009259
0 0.934115 0.308796 0.004687 0.006481
0 0.599479 0.300463 0.007292 0.017593
0 0.891406 0.306944 0.005729 0.010185
0 0.151302 0.291667 0.006771 0.012963
0 0.703906 0.304167 0.005729 0.010185
0 0.235417 0.293519 0.009375 0.012963
0 0.689844 0.302315 0.005729 0.012037
0 0.913281 0.306944 0.005729 0.010185
0 0.680208 0.301389 0.006250 0.015741
0 0.726562 0.304630 0.007292 0.012963
0 0.846354 0.306944 0.006250 0.010185
0 0.536458 0.297685 0.010417 0.023148
0 0.566667 0.299074 0.011458 0.022222
0 0.640104 0.300926 0.007292 0.018519
0 0.285417 0.291667 0.011458 0.020370
0 0.881250 0.307870 0.006250 0.010185
0 0.885938 0.307870 0.004167 0.012037
