0 0.658333 0.322222 0.016667 0.014815
0 0.578125 0.333796 0.012500 0.013889
0 0.581771 0.333333 0.006250 0.012963
0 0.573698 0.334722 0.006771 0.013889
0 0.833594 0.300926 0.006771 0.009259
0 0.147396 0.385648 0.005208 0.012037
0 0.654427 0.323611 0.007812 0.015741
0 0.488281 0.348148 0.010937 0.009259
0 0.663021 0.320370 0.006250 0.014815
0 0.699219 0.318056 0.006771 0.012037
0 0.817187 0.303241 0.006250 0.010185
0 0.677865 0.319444 0.006771 0.012963
0 0.901823 0.292130 0.005729 0.008333
0 0.126823 0.390278 0.005729 0.013889
0 0.213021 0.379630 0.006250 0.011111
0 0.881250 0.293519 0.006250 0.009259
0 0.615365 0.328704 0.007812 0.016667
0 0.542448 0.337500 0.010937 0.019444
0 0.512500 0.340278 0.010417 0.021296
0 0.260156 0.371296 0.009896 0.018519
0 0.841667 0.298611 0.006250 0.010185
0 0.852604 0.299074 0.006250 0.009259
0 0.860417 0.296296 0.006250 0.009259
