0 0.949740 0.381481 0.005729 0.007407
0 0.897135 0.375926 0.005729 0.007407
0 0.613021 0.353241 0.006250 0.015741
0 0.185677 0.317593 0.005729 0.012963
0 0.927604 0.376852 0.005208 0.009259
0 0.860417 0.373148 0.005208 0.009259
0 0.905729 0.375463 0.005208 0.008333
0 0.620052 0.352778 0.006771 0.014815
0 0.741406 0.363426 0.006771 0.012037
0 0.693490 0.358796 0.005729 0.013889
0 0.250260 0.326389 0.006771 0.012037
0 0.167708 0.319907 0.005208 0.012037
0 0.702604 0.360185 0.005208 0.011111
0 0.716927 0.361574 0.005729 0.010185
0 0.549479 0.345833 0.009375 0.021296
0 0.652604 0.354630 0.007292 0.016667
0 0.579688 0.349537 0.009375 0.019444
0 0.301563 0.326852 0.009375 0.020370
0 0.877083 0.374074 0.005208 0.009259
0 0.885938 0.374074 0.005208 0.011111
