0 0.495573 0.499074 0.010937 0.012963
0 0.755990 0.474537 0.006771 0.008333
0 0.657813 0.485648 0.004167 0.006481
0 0.499479 0.499074 0.005208 0.012963
0 0.492708 0.498611 0.005208 0.013889
0 0.763802 0.472685 0.004687 0.008333
0 0.796615 0.469907 0.004687 0.008333
0 0.725521 0.476389 0.004167 0.010185
0 0.053906 0.540278 0.004687 0.012037
0 0.029948 0.547685 0.004687 0.013889
0 0.408854 0.512037 0.007292 0.007407
0 0.779687 0.470370 0.004167 0.009259
0 0.572656 0.488889 0.010937 0.018519
0 0.611198 0.486574 0.004687 0.012037
0 0.593490 0.487963 0.005729 0.012963
0 0.464323 0.501852 0.006771 0.016667
0 0.133333 0.536111 0.006250 0.016667
0 0.541146 0.493519 0.006250 0.016667
0 0.160677 0.531019 0.006771 0.021296
0 0.433854 0.503241 0.006250 0.015741
0 0.740104 0.476389 0.005208 0.010185
0 0.747396 0.475463 0.004167 0.010185
