0 0.736979 0.417130 0.004167 0.008333
0 0.493490 0.428704 0.011979 0.012963
0 0.568229 0.421759 0.006250 0.015741
0 0.743229 0.416204 0.006250 0.008333
0 0.654427 0.422222 0.004687 0.007407
0 0.025521 0.453704 0.004167 0.011111
0 0.573698 0.421296 0.006771 0.016667
0 0.794792 0.414352 0.004167 0.008333
0 0.048698 0.449074 0.004687 0.011111
0 0.778125 0.414352 0.004167 0.010185
0 0.722917 0.417130 0.004167 0.010185
0 0.496875 0.427778 0.005208 0.014815
0 0.489583 0.428241 0.005208 0.013889
0 0.404427 0.437037 0.007812 0.007407
0 0.591406 0.422222 0.005729 0.012963
0 0.609375 0.421759 0.005208 0.012037
0 0.461458 0.430093 0.006250 0.015741
0 0.537760 0.425000 0.006771 0.016667
0 0.430729 0.429630 0.006250 0.016667
0 0.128125 0.447222 0.005208 0.014815
0 0.157812 0.443981 0.006250 0.019444
0 0.753646 0.417130 0.007292 0.008333
0 0.760677 0.416204 0.005729 0.010185
