0 0.595573 0.366667 0.010937 0.022222
0 0.516667 0.362500 0.007292 0.023148
0 0.077344 0.332870 0.008854 0.021296
0 0.523958 0.362963 0.008333 0.024074
0 0.054167 0.335185 0.009375 0.024074
0 0.486198 0.360648 0.008854 0.023148
0 0.602865 0.367130 0.007812 0.021296
0 0.151562 0.341204 0.010417 0.023148
0 0.636719 0.372222 0.007812 0.018519
0 0.188542 0.343056 0.010417 0.026852
0 0.561719 0.366204 0.009896 0.025000
0 0.617448 0.370370 0.006771 0.016667
0 0.456250 0.356019 0.009375 0.026852
0 0.750521 0.378704 0.005208 0.009259
0 0.766146 0.381481 0.004167 0.007407
0 0.773958 0.380556 0.005208 0.009259
0 0.783594 0.381481 0.006771 0.009259
0 0.790885 0.380556 0.004687 0.007407
0 0.808594 0.381481 0.005729 0.009259
