0 0.635938 0.535185 0.014583 0.016667
0 0.556771 0.551389 0.013542 0.013889
0 0.640104 0.534259 0.006250 0.016667
0 0.830729 0.505093 0.005208 0.010185
0 0.805990 0.509722 0.005729 0.010185
0 0.127344 0.624537 0.005729 0.013889
0 0.631250 0.535185 0.006250 0.016667
0 0.073177 0.633796 0.004687 0.010185
0 0.561458 0.550926 0.006250 0.014815
0 0.850000 0.501389 0.005208 0.010185
0 0.552865 0.551852 0.005729 0.014815
0 0.790365 0.511574 0.005729 0.010185
0 0.104688 0.632407 0.007292 0.016667
0 0.654427 0.533333 0.006771 0.012963
0 0.674219 0.531019 0.006771 0.013889
0 0.596094 0.544444 0.007812 0.018519
0 0.195312 0.613889 0.006250 0.016667
0 0.522656 0.556019 0.007812 0.017593
0 0.492448 0.559259 0.008854 0.022222
0 0.235677 0.606019 0.007812 0.023148
0 0.813802 0.507870 0.006771 0.008333
0 0.824219 0.508796 0.005729 0.008333
