0 0.479687 0.450926 0.010417 0.009259
0 0.647917 0.410185 0.014583 0.016667
0 0.569010 0.428241 0.014063 0.013889
0 0.820052 0.376852 0.005729 0.009259
0 0.888021 0.365278 0.007292 0.008333
0 0.847135 0.371296 0.005729 0.007407
0 0.090104 0.525000 0.004167 0.009259
0 0.643750 0.410185 0.006250 0.016667
0 0.667188 0.407407 0.007292 0.012963
0 0.141406 0.516204 0.004687 0.012037
0 0.120573 0.524537 0.005729 0.010185
0 0.652083 0.408796 0.006250 0.015741
0 0.803906 0.380093 0.005729 0.010185
0 0.866927 0.366204 0.005729 0.008333
0 0.572396 0.426852 0.006250 0.014815
0 0.687760 0.403241 0.005729 0.012037
0 0.564844 0.428704 0.005729 0.014815
0 0.207813 0.503704 0.006250 0.014815
0 0.606771 0.419907 0.008333 0.017593
0 0.533854 0.433333 0.008333 0.018519
0 0.251563 0.493519 0.008333 0.020370
0 0.504687 0.439815 0.009375 0.020370
0 0.827865 0.374537 0.005729 0.008333
0 0.838802 0.372685 0.007812 0.008333
