0 0.586458 0.293519 0.013542 0.014815
0 0.506771 0.288426 0.011458 0.013889
0 0.814063 0.312500 0.004167 0.008333
0 0.778385 0.308796 0.004687 0.008333
0 0.770312 0.308796 0.005208 0.008333
0 0.795573 0.310185 0.004687 0.009259
0 0.738542 0.306944 0.004167 0.010185
0 0.419531 0.286111 0.005729 0.007407
0 0.510677 0.288889 0.005729 0.014815
0 0.582552 0.292593 0.005729 0.014815
0 0.604427 0.297222 0.004687 0.011111
0 0.503125 0.287963 0.005208 0.014815
0 0.623698 0.297222 0.004687 0.012963
0 0.590365 0.293519 0.005729 0.014815
0 0.473698 0.285185 0.005729 0.016667
0 0.134896 0.258796 0.005208 0.013889
0 0.549479 0.291667 0.006250 0.016667
0 0.442188 0.282407 0.006250 0.016667
0 0.170833 0.261574 0.007292 0.019444
0 0.753125 0.308333 0.005208 0.011111
0 0.760938 0.309259 0.005208 0.009259
