0 0.905469 0.406944 0.00885417 0.00833333
0 0.627083 0.385185 0.00729167 0.0111111
0 0.708594 0.391204 0.00572917 0.0101852
0 0.913021 0.406944 0.00520833 0.00833333
0 0.957292 0.411111 0.00520833 0.00740741
0 0.891927 0.405556 0.00572917 0.00740741
0 0.61875 0.384259 0.00520833 0.012963
0 0.723177 0.393519 0.00572917 0.00925926
0 0.883594 0.40463 0.00572917 0.00925926
0 0.699479 0.390741 0.00520833 0.0111111
0 0.747396 0.394444 0.00625 0.00925926
0 0.866927 0.403704 0.00572917 0.00925926
0 0.934635 0.40787 0.00572917 0.0101852
0 0.19401 0.352778 0.00572917 0.012963
0 0.176302 0.35463 0.00572917 0.0148148
0 0.257031 0.360185 0.0078125 0.012963
0 0.658073 0.387037 0.00677083 0.0148148
0 0.55599 0.378241 0.00885417 0.0194444
0 0.585677 0.381481 0.00885417 0.0185185
0 0.308854 0.360185 0.009375 0.0203704
