0 0.717448 0.425463 0.017188 0.015741
0 0.908073 0.429167 0.006771 0.008333
0 0.899479 0.429167 0.005208 0.008333
0 0.208854 0.420370 0.006250 0.012963
0 0.921875 0.427778 0.005208 0.007407
0 0.952865 0.427778 0.005729 0.007407
0 0.163281 0.419907 0.005729 0.012037
0 0.639844 0.425463 0.006771 0.013889
0 0.271094 0.424074 0.008854 0.012963
0 0.930208 0.426852 0.005208 0.009259
0 0.737500 0.426389 0.006250 0.012037
0 0.632812 0.425000 0.006250 0.014815
0 0.191146 0.423611 0.006250 0.013889
0 0.883333 0.428704 0.005208 0.009259
0 0.761719 0.427315 0.005729 0.010185
0 0.712760 0.425000 0.006771 0.016667
0 0.567969 0.422685 0.008854 0.019444
0 0.322917 0.421296 0.010417 0.018519
0 0.598437 0.423148 0.009375 0.020370
0 0.670833 0.424074 0.007292 0.018519
0 0.925260 0.426852 0.003646 0.011111
