0 0.565885 0.543981 0.007812 0.013889
0 0.811198 0.493981 0.005729 0.010185
0 0.558333 0.544907 0.007292 0.015741
0 0.819010 0.491667 0.005729 0.009259
0 0.080990 0.643056 0.004687 0.010185
0 0.133594 0.633333 0.005729 0.012963
0 0.644271 0.526389 0.006250 0.015741
0 0.660156 0.524537 0.005729 0.012037
0 0.636198 0.527778 0.005729 0.014815
0 0.855990 0.484722 0.005729 0.010185
0 0.112240 0.640278 0.005729 0.013889
0 0.679948 0.521759 0.006771 0.013889
0 0.795573 0.497222 0.006771 0.011111
0 0.201302 0.620370 0.006771 0.016667
0 0.527344 0.550926 0.007812 0.016667
0 0.600521 0.536111 0.008333 0.018519
0 0.242969 0.609722 0.007812 0.021296
0 0.498177 0.556019 0.008854 0.023148
0 0.829427 0.492593 0.006771 0.009259
0 0.836198 0.488889 0.005729 0.009259
