0 0.565365 0.519444 0.014063 0.014815
0 0.645052 0.500463 0.016146 0.015741
0 0.833594 0.462500 0.006771 0.008333
0 0.841406 0.459722 0.005729 0.008333
0 0.085417 0.627778 0.004167 0.009259
0 0.662760 0.497685 0.006771 0.013889
0 0.569792 0.518519 0.006250 0.014815
0 0.859896 0.454630 0.005208 0.009259
0 0.561979 0.520370 0.006250 0.014815
0 0.137760 0.615741 0.004687 0.012963
0 0.798698 0.468056 0.005729 0.010185
0 0.116406 0.623611 0.005729 0.012037
0 0.639844 0.502315 0.006771 0.015741
0 0.683333 0.493519 0.006250 0.014815
0 0.530469 0.527315 0.007812 0.017593
0 0.205208 0.602778 0.006250 0.016667
0 0.603646 0.512500 0.008333 0.017593
0 0.501563 0.533333 0.009375 0.022222
0 0.246615 0.591204 0.007812 0.021296
0 0.814323 0.465278 0.005729 0.010185
0 0.822396 0.462963 0.005208 0.009259
