0 0.65651 0.491667 0.0046875 0.00740741
0 0.494531 0.505556 0.0119792 0.012963
0 0.795573 0.474537 0.0046875 0.00833333
0 0.76224 0.477315 0.0046875 0.00833333
0 0.778385 0.474537 0.0046875 0.0101852
0 0.40625 0.519907 0.00729167 0.00833333
0 0.490885 0.505556 0.0046875 0.012963
0 0.0296875 0.559722 0.00520833 0.0138889
0 0.498437 0.505093 0.00520833 0.0138889
0 0.723958 0.481019 0.00416667 0.0101852
0 0.0536458 0.552778 0.00520833 0.012963
0 0.46276 0.508333 0.00572917 0.0148148
0 0.132812 0.546759 0.00625 0.0157407
0 0.610156 0.49213 0.0046875 0.012037
0 0.572396 0.494444 0.00833333 0.0185185
0 0.540365 0.5 0.00677083 0.0166667
0 0.433073 0.510648 0.00677083 0.0175926
0 0.159635 0.542593 0.00677083 0.0203704
0 0.592708 0.493519 0.00520833 0.012963
