0 0.632292 0.410185 0.006250 0.014815
0 0.965885 0.428704 0.005729 0.007407
0 0.625260 0.411574 0.006771 0.013889
0 0.891146 0.425000 0.006250 0.009259
0 0.184115 0.391204 0.006771 0.013889
0 0.200781 0.389352 0.006771 0.015741
0 0.263281 0.395833 0.008854 0.012037
0 0.874219 0.423611 0.005729 0.010185
0 0.716406 0.415741 0.005729 0.011111
0 0.706250 0.414815 0.006250 0.012963
0 0.753906 0.418519 0.005729 0.009259
0 0.943229 0.425926 0.005208 0.009259
0 0.729948 0.416667 0.005729 0.009259
0 0.561979 0.406481 0.010417 0.020370
0 0.591667 0.409259 0.010417 0.020370
0 0.664323 0.411111 0.006771 0.016667
0 0.316667 0.393981 0.011458 0.021296
0 0.899479 0.425463 0.004167 0.008333
0 0.911458 0.425463 0.004167 0.008333
0 0.915885 0.425000 0.003646 0.011111
0 0.920833 0.424074 0.004167 0.012963
