0 0.660417 0.301852 0.004167 0.007407
0 0.801823 0.307407 0.003646 0.007407
0 0.767448 0.302778 0.004687 0.009259
0 0.743229 0.303704 0.004167 0.009259
0 0.573177 0.293981 0.005729 0.013889
0 0.784896 0.305093 0.004167 0.010185
0 0.501302 0.292593 0.005729 0.012963
0 0.493490 0.292130 0.005729 0.013889
0 0.728385 0.303241 0.004687 0.010185
0 0.614323 0.297685 0.004687 0.012037
0 0.595313 0.297222 0.005208 0.011111
0 0.407552 0.293519 0.007812 0.007407
0 0.125521 0.275926 0.006250 0.014815
0 0.463802 0.289815 0.006771 0.016667
0 0.579427 0.294907 0.006771 0.015741
0 0.432812 0.288426 0.006250 0.017593
0 0.540625 0.293519 0.007292 0.018519
0 0.159115 0.275926 0.006771 0.018519
0 0.760417 0.306019 0.007292 0.008333
0 0.751302 0.305556 0.004687 0.011111
