0 0.620833 0.502778 0.013542 0.016667
0 0.625521 0.501852 0.006250 0.016667
0 0.815365 0.491667 0.003646 0.011111
0 0.808333 0.493981 0.007292 0.010185
0 0.052604 0.541667 0.006250 0.011111
0 0.775000 0.494444 0.006250 0.011111
0 0.639062 0.502778 0.006250 0.014815
0 0.833594 0.490278 0.005729 0.012037
0 0.538021 0.509722 0.006250 0.017593
0 0.616146 0.503241 0.006250 0.017593
0 0.108854 0.539352 0.006250 0.015741
0 0.546354 0.509722 0.007292 0.017593
0 0.659115 0.502315 0.006771 0.015741
0 0.178125 0.536111 0.007292 0.016667
0 0.477344 0.512963 0.008854 0.022222
0 0.508073 0.511111 0.007812 0.018519
0 0.085156 0.541667 0.008854 0.020370
0 0.582552 0.506481 0.007812 0.020370
0 0.218490 0.531019 0.008854 0.023148
0 0.790885 0.494444 0.006771 0.011111
0 0.797917 0.494907 0.005208 0.010185
