0 0.748958 0.300463 0.004167 0.008333
0 0.807813 0.303704 0.004167 0.007407
0 0.664583 0.296759 0.004167 0.006481
0 0.581771 0.286111 0.011458 0.012963
0 0.599740 0.289352 0.004687 0.010185
0 0.789844 0.300926 0.003646 0.007407
0 0.618750 0.290278 0.004167 0.010185
0 0.733333 0.298611 0.004167 0.008333
0 0.411719 0.281481 0.007812 0.007407
0 0.497917 0.283333 0.005208 0.014815
0 0.505469 0.282870 0.005729 0.013889
0 0.577604 0.286574 0.005208 0.013889
0 0.436979 0.277315 0.005208 0.015741
0 0.468750 0.280093 0.006250 0.015741
0 0.129948 0.258333 0.005729 0.014815
0 0.164323 0.259259 0.006771 0.018519
0 0.544531 0.284722 0.006771 0.017593
0 0.771875 0.301852 0.005208 0.009259
0 0.765625 0.301852 0.007292 0.009259
0 0.755729 0.301389 0.004167 0.010185
