0 0.572135 0.376389 0.011979 0.012037
0 0.652083 0.360185 0.013542 0.014815
0 0.568490 0.376389 0.006771 0.012037
0 0.892188 0.321759 0.006250 0.008333
0 0.575781 0.375000 0.006771 0.012963
0 0.844792 0.329167 0.006250 0.008333
0 0.852865 0.326852 0.005729 0.009259
0 0.092969 0.456944 0.004687 0.010185
0 0.143750 0.449074 0.005208 0.012963
0 0.482552 0.395370 0.010937 0.009259
0 0.872396 0.323148 0.005208 0.009259
0 0.123438 0.455093 0.005208 0.012037
0 0.809635 0.334259 0.005729 0.009259
0 0.671615 0.358796 0.006771 0.012037
0 0.656250 0.359722 0.007292 0.015741
0 0.647917 0.361111 0.007292 0.016667
0 0.692187 0.355556 0.007292 0.012963
0 0.537240 0.382407 0.008854 0.016667
0 0.610156 0.369444 0.007812 0.016667
0 0.507031 0.387500 0.009896 0.019444
0 0.209635 0.438889 0.006771 0.012963
0 0.254948 0.430556 0.008854 0.020370
0 0.825521 0.330556 0.006250 0.009259
0 0.833333 0.329630 0.005208 0.011111
