0 0.665625 0.294907 0.015625 0.015741
0 0.588802 0.303241 0.007812 0.013889
0 0.581771 0.304167 0.007292 0.013889
0 0.661198 0.295370 0.007812 0.016667
0 0.891406 0.277778 0.005729 0.009259
0 0.670052 0.294444 0.006771 0.016667
0 0.707812 0.295370 0.008333 0.011111
0 0.685417 0.295833 0.007292 0.012037
0 0.842448 0.283796 0.006771 0.010185
0 0.825521 0.284722 0.006250 0.010185
0 0.132552 0.336574 0.006771 0.015741
0 0.548958 0.306019 0.009375 0.013889
0 0.218490 0.331019 0.006771 0.012037
0 0.622135 0.300926 0.008854 0.016667
0 0.519010 0.306944 0.010937 0.019444
0 0.266927 0.325000 0.011979 0.020370
0 0.851042 0.281481 0.005208 0.007407
0 0.860938 0.282407 0.005208 0.007407
0 0.869271 0.279167 0.005208 0.008333
0 0.910677 0.277778 0.006771 0.007407
