0 0.646615 0.408796 0.003646 0.006481
0 0.786719 0.396296 0.003646 0.007407
0 0.754948 0.397685 0.004687 0.008333
0 0.769792 0.395833 0.004167 0.008333
0 0.716406 0.400926 0.003646 0.009259
0 0.043490 0.453704 0.004687 0.012963
0 0.601562 0.409259 0.004167 0.011111
0 0.490625 0.418519 0.005208 0.012963
0 0.482552 0.418981 0.004687 0.012037
0 0.584896 0.411574 0.005208 0.012037
0 0.564323 0.411111 0.007812 0.018519
0 0.124479 0.450926 0.005208 0.014815
0 0.455990 0.421759 0.005729 0.013889
0 0.148698 0.446759 0.006771 0.019444
0 0.533594 0.414815 0.006771 0.016667
0 0.426042 0.421759 0.006250 0.017593
0 0.732031 0.400463 0.004687 0.008333
0 0.738021 0.399074 0.004167 0.011111
0 0.746615 0.400926 0.007812 0.007407
