0 0.493490 0.321759 0.013021 0.012037
0 0.497656 0.320833 0.005729 0.013889
0 0.569792 0.321296 0.007292 0.014815
0 0.489844 0.320833 0.005729 0.013889
0 0.755729 0.326852 0.006250 0.009259
0 0.656250 0.327778 0.005208 0.007407
0 0.576042 0.320833 0.006250 0.015741
0 0.798177 0.327315 0.004687 0.008333
0 0.763802 0.325926 0.004687 0.009259
0 0.592187 0.323148 0.005208 0.011111
0 0.537240 0.321296 0.006771 0.016667
0 0.610156 0.322685 0.004687 0.012037
0 0.724740 0.325463 0.004687 0.010185
0 0.404948 0.325463 0.007812 0.008333
0 0.779948 0.325463 0.004687 0.010185
0 0.124219 0.316667 0.006771 0.014815
0 0.461198 0.320833 0.005729 0.015741
0 0.429948 0.319444 0.006771 0.018519
0 0.156250 0.316204 0.007292 0.019444
0 0.739323 0.327315 0.004687 0.008333
0 0.746875 0.327315 0.004167 0.008333
