0 0.646094 0.374537 0.003646 0.006481
0 0.743750 0.363889 0.007292 0.007407
0 0.785156 0.362037 0.003646 0.007407
0 0.753125 0.362963 0.004167 0.007407
0 0.396615 0.395370 0.005729 0.007407
0 0.715104 0.366667 0.004167 0.009259
0 0.768490 0.361111 0.004687 0.009259
0 0.481250 0.383796 0.004167 0.012037
0 0.041146 0.416204 0.004167 0.012037
0 0.489323 0.383796 0.004687 0.012037
0 0.583594 0.375463 0.005729 0.012037
0 0.600260 0.374537 0.004687 0.012037
0 0.561979 0.375926 0.007292 0.018519
0 0.122396 0.412500 0.005208 0.013889
0 0.454948 0.384259 0.005729 0.014815
0 0.424219 0.387037 0.005729 0.016667
0 0.532552 0.379630 0.006771 0.016667
0 0.145833 0.408796 0.006250 0.017593
0 0.730469 0.365741 0.004687 0.007407
0 0.736198 0.363889 0.004687 0.007407
