0 0.860156 0.504167 0.005729 0.008333
0 0.063802 0.599074 0.004687 0.009259
0 0.798438 0.509722 0.005208 0.010185
0 0.807031 0.508796 0.005729 0.010185
0 0.624479 0.527778 0.006250 0.016667
0 0.842708 0.503241 0.005208 0.010185
0 0.647917 0.526389 0.006250 0.013889
0 0.632552 0.526389 0.006771 0.017593
0 0.554427 0.537963 0.006771 0.014815
0 0.667969 0.525000 0.006771 0.014815
0 0.783073 0.511111 0.005729 0.011111
0 0.546354 0.539352 0.006250 0.015741
0 0.118490 0.592130 0.006771 0.017593
0 0.096354 0.597685 0.007292 0.017593
0 0.187500 0.585185 0.007292 0.018519
0 0.515625 0.542130 0.007292 0.017593
0 0.590104 0.534259 0.008333 0.018519
0 0.485417 0.545370 0.008333 0.022222
0 0.227344 0.578241 0.008854 0.025000
0 0.823698 0.506944 0.004687 0.008333
0 0.816146 0.508796 0.009375 0.010185
