0 0.594010 0.291204 0.016146 0.012037
0 0.141146 0.302778 0.006250 0.011111
0 0.872396 0.283333 0.006250 0.009259
0 0.670312 0.287500 0.007292 0.013889
0 0.922656 0.282407 0.005729 0.007407
0 0.880469 0.281944 0.005729 0.010185
0 0.680208 0.287963 0.007292 0.012963
0 0.694531 0.288426 0.006771 0.010185
0 0.597917 0.290278 0.006250 0.013889
0 0.589323 0.291204 0.006771 0.013889
0 0.226823 0.300926 0.007812 0.011111
0 0.557552 0.292130 0.009896 0.015741
0 0.903125 0.281481 0.005208 0.009259
0 0.716927 0.288889 0.006771 0.011111
0 0.836719 0.284722 0.005729 0.010185
0 0.630729 0.289815 0.008333 0.016667
0 0.527344 0.291204 0.010937 0.021296
0 0.275000 0.297222 0.011458 0.020370
0 0.852865 0.283796 0.006771 0.010185
0 0.861719 0.282407 0.004687 0.011111
