0 0.538021 0.465278 0.007292 0.019444
0 0.530729 0.465278 0.007292 0.019444
0 0.041927 0.470833 0.005729 0.012037
0 0.806250 0.463889 0.006250 0.011111
0 0.781771 0.464815 0.005208 0.011111
0 0.765885 0.464352 0.005729 0.012037
0 0.824740 0.463426 0.005729 0.012037
0 0.608594 0.463889 0.006771 0.016667
0 0.097917 0.470370 0.007292 0.018519
0 0.631510 0.464815 0.006771 0.014815
0 0.651042 0.466667 0.008333 0.016667
0 0.617188 0.463889 0.007292 0.018519
0 0.500260 0.465741 0.007812 0.020370
0 0.169531 0.471296 0.007812 0.018519
0 0.574740 0.465278 0.007812 0.019444
0 0.075260 0.473148 0.009896 0.022222
0 0.469792 0.464815 0.008333 0.022222
0 0.208073 0.468981 0.007812 0.023148
0 0.799219 0.464815 0.005729 0.009259
0 0.789062 0.464815 0.006250 0.009259
