0 0.651042 0.446759 0.004167 0.006481
0 0.755990 0.433796 0.004687 0.008333
0 0.734375 0.435648 0.004167 0.008333
0 0.772396 0.431481 0.004167 0.009259
0 0.586979 0.448148 0.005208 0.011111
0 0.718490 0.437037 0.003646 0.009259
0 0.400260 0.471296 0.005729 0.007407
0 0.485677 0.458796 0.004687 0.012037
0 0.492969 0.458796 0.004687 0.012037
0 0.604427 0.447685 0.004687 0.012037
0 0.047135 0.498148 0.005729 0.014815
0 0.566927 0.448148 0.007812 0.016667
0 0.127604 0.493519 0.005208 0.014815
0 0.458594 0.461574 0.005729 0.013889
0 0.152083 0.490278 0.006250 0.019444
0 0.536198 0.452778 0.006771 0.016667
0 0.428385 0.462037 0.005729 0.016667
0 0.740365 0.435185 0.004687 0.009259
0 0.748437 0.437037 0.005208 0.007407
0 0.789844 0.433333 0.005729 0.005556
