0 0.479167 0.503241 0.010417 0.010185
0 0.087500 0.585648 0.004167 0.008333
0 0.842708 0.418519 0.006250 0.009259
0 0.570573 0.479167 0.006771 0.013889
0 0.817187 0.424074 0.006250 0.009259
0 0.650260 0.458796 0.005729 0.015741
0 0.563021 0.479630 0.006250 0.014815
0 0.801302 0.426852 0.005729 0.009259
0 0.664844 0.456944 0.006771 0.013889
0 0.140365 0.574537 0.004687 0.012037
0 0.862760 0.413426 0.005729 0.010185
0 0.119531 0.582407 0.005729 0.012963
0 0.685677 0.452315 0.005729 0.013889
0 0.207292 0.561111 0.006250 0.014815
0 0.604948 0.471759 0.007812 0.017593
0 0.532031 0.486111 0.007812 0.018519
0 0.503385 0.492130 0.008854 0.021296
0 0.249479 0.550926 0.008333 0.022222
0 0.641406 0.461574 0.005729 0.012037
0 0.836458 0.421296 0.008333 0.007407
0 0.825000 0.422222 0.006250 0.007407
0 0.881510 0.411111 0.006771 0.007407
