0 0.594271 0.322222 0.011458 0.012963
0 0.819271 0.341667 0.004167 0.007407
0 0.767708 0.337037 0.006250 0.007407
0 0.611719 0.325463 0.004687 0.010185
0 0.760156 0.337037 0.004687 0.007407
0 0.587760 0.322222 0.004687 0.012963
0 0.801823 0.339352 0.004687 0.008333
0 0.425781 0.314352 0.005729 0.008333
0 0.745313 0.336111 0.004167 0.009259
0 0.630469 0.326852 0.004687 0.011111
0 0.509115 0.315278 0.005729 0.015741
0 0.516406 0.316204 0.005729 0.015741
0 0.143490 0.288426 0.005729 0.015741
0 0.555729 0.319444 0.006250 0.016667
0 0.479427 0.314352 0.005729 0.015741
0 0.448958 0.310185 0.006250 0.018519
0 0.179427 0.291204 0.006771 0.019444
0 0.776823 0.338889 0.008854 0.009259
0 0.783854 0.338889 0.004167 0.009259
