0 0.495312 0.473148 0.010417 0.012963
0 0.657552 0.462500 0.004687 0.006481
0 0.755729 0.454167 0.008333 0.008333
0 0.796615 0.450926 0.004687 0.007407
0 0.763021 0.453241 0.004167 0.008333
0 0.028646 0.512037 0.004167 0.011111
0 0.498958 0.472685 0.005208 0.013889
0 0.407031 0.485185 0.007812 0.007407
0 0.779167 0.450926 0.004167 0.009259
0 0.052083 0.506019 0.004167 0.012037
0 0.491406 0.473148 0.004687 0.014815
0 0.724219 0.455556 0.004687 0.011111
0 0.592448 0.464352 0.005729 0.012037
0 0.463021 0.475000 0.006250 0.014815
0 0.610417 0.463889 0.005208 0.011111
0 0.131510 0.502315 0.005729 0.013889
0 0.539844 0.468981 0.006771 0.015741
0 0.432812 0.476389 0.006250 0.017593
0 0.159896 0.499074 0.007292 0.020370
0 0.746875 0.453704 0.006250 0.009259
0 0.739583 0.456019 0.006250 0.010185
0 0.572917 0.466204 0.012500 0.017593
