0 0.653125 0.477778 0.004167 0.007407
0 0.742708 0.465278 0.006250 0.008333
0 0.775521 0.461111 0.004167 0.009259
0 0.792188 0.462037 0.004167 0.007407
0 0.026823 0.543056 0.004687 0.013889
0 0.405208 0.505556 0.008333 0.007407
0 0.488802 0.491204 0.004687 0.013889
0 0.721354 0.467593 0.004167 0.009259
0 0.607812 0.479167 0.005208 0.012037
0 0.496094 0.490741 0.005729 0.014815
0 0.569792 0.481481 0.008333 0.018519
0 0.051042 0.537963 0.005208 0.014815
0 0.130729 0.532407 0.005208 0.014815
0 0.590365 0.480093 0.005729 0.013889
0 0.461198 0.494444 0.005729 0.014815
0 0.538542 0.485185 0.006250 0.016667
0 0.431250 0.495833 0.006250 0.017593
0 0.155990 0.526852 0.006771 0.020370
0 0.751563 0.466667 0.006250 0.007407
0 0.759896 0.463426 0.005208 0.010185
0 0.736719 0.466667 0.004687 0.007407
