0 0.781250 0.423148 0.006250 0.012963
0 0.773438 0.423611 0.006250 0.013889
0 0.608594 0.415278 0.008854 0.019444
0 0.623698 0.417593 0.006771 0.016667
0 0.087500 0.399074 0.008333 0.018519
0 0.522917 0.413889 0.007292 0.020370
0 0.462500 0.409722 0.008333 0.025000
0 0.530208 0.414352 0.007292 0.021296
0 0.600781 0.415278 0.006771 0.019444
0 0.815885 0.424074 0.006771 0.014815
0 0.492969 0.412037 0.008854 0.024074
0 0.064583 0.400000 0.011458 0.025926
0 0.643490 0.419444 0.006771 0.016667
0 0.757552 0.422222 0.006771 0.014815
0 0.567969 0.415741 0.008854 0.022222
0 0.198437 0.402778 0.009375 0.025926
0 0.160677 0.403704 0.009896 0.022222
0 0.798438 0.424074 0.004167 0.009259
0 0.790885 0.424537 0.006771 0.012037
