0 0.899479 0.342130 0.007292 0.008333
0 0.613542 0.324074 0.006250 0.012963
0 0.942448 0.345833 0.005729 0.006481
0 0.878646 0.341204 0.005208 0.008333
0 0.606510 0.324537 0.005729 0.013889
0 0.870313 0.340741 0.005208 0.009259
0 0.696354 0.328704 0.006250 0.012963
0 0.920833 0.342593 0.005208 0.009259
0 0.710417 0.330556 0.005208 0.009259
0 0.853646 0.340278 0.005208 0.010185
0 0.243490 0.304167 0.008854 0.012037
0 0.686979 0.327315 0.006250 0.013889
0 0.734375 0.332407 0.006250 0.011111
0 0.573958 0.320833 0.009375 0.021296
0 0.543229 0.318981 0.009375 0.019444
0 0.294010 0.304167 0.011979 0.021296
0 0.646615 0.325926 0.006771 0.016667
0 0.889323 0.341667 0.005729 0.007407
0 0.893229 0.342130 0.004167 0.010185
