0 0.493750 0.372685 0.012500 0.013889
0 0.567708 0.369907 0.006250 0.015741
0 0.652865 0.373148 0.004687 0.007407
0 0.736979 0.369444 0.004167 0.009259
0 0.795052 0.369907 0.004687 0.008333
0 0.744531 0.368519 0.004687 0.009259
0 0.573698 0.368981 0.006771 0.015741
0 0.045833 0.377778 0.004167 0.011111
0 0.403906 0.378241 0.005729 0.008333
0 0.778125 0.368519 0.004167 0.009259
0 0.608333 0.370370 0.005208 0.011111
0 0.590625 0.370833 0.005208 0.012037
0 0.488802 0.372685 0.004687 0.013889
0 0.722917 0.369907 0.004167 0.010185
0 0.496354 0.372685 0.005208 0.013889
0 0.124219 0.381019 0.005729 0.015741
0 0.429167 0.372222 0.006250 0.018519
0 0.536458 0.371296 0.006250 0.014815
0 0.459635 0.371759 0.006771 0.017593
0 0.155729 0.378241 0.007292 0.021296
0 0.760677 0.369444 0.006771 0.011111
0 0.753646 0.370370 0.007292 0.009259
